0
33198
91566
63342
73617
92801
40392
9091
11651
89962
46914
68228
51991
24768
46603
8465
54750
19741
35113
85283
59427
24268
78438
96889
99677
19501
14307
70923
28922
58436
30114
83791
56487
10453
61444
23933
81883
65232
38023
25112
51224
48978
24415
16589
89847
94394
14750
48493
29582
19599
65492
56493
99691
50539
96458
70939
62816
20774
61502
44489
24018
27541
6420
22405
60928
33161
24583
92469
20782
2111
72314
40619
73508
4700
27002
53621
42617
39419
5599
71309
78569
41117
45109
22786
68944
74584
18490
18652
18020
75272
91743
97824
67286
62716
93185
34682
65852
72208
56043
90238
99262
11562
23829
39085
87304
51953
35441
84859
37460
43054
3269
71343
92864
43310
9819
10929
40239
11132
30475
44115
34813
39647
6755
54859
22535
24975
14319
66836
33014
18115
58358
55289
21101
63377
97770
85072
38290
41988
73950
7813
6714
56819
37880
95409
65489
6068
81841
23821
43046
18100
48989
74446
30547
23702
20025
22367
24379
25188
49380
24426
84585
83530
66925
84420
99125
99976
57908
79348
54447
62442
69497
90952
63394
50778
99494
7960
96078
56669
76618
6796
77260
50211
20470
53042
73284
19475
8423
97865
13713
70271
37904
37031
86521
91152
16823
36796
16996
64809
60885
64308
54187
57135
67057
33000
73103
69322
98444
54734
26389
46239
84795
56256
20076
35078
35797
15083
64833
59823
51705
40417
34361
73337
66488
46909
47732
56712
24810
6702
26592
26344
73274
16656
18980
40880
76198
23129
12996
65217
748
12631
39121
9125
67173
44427
17949
61136
89377
34161
32725
36589
87652
43095
67446
58357
78368
77436
26929
8254
71807
16189
57492
89128
54103
18130
12956
85531
99489
26936
85729
35653
79651
31757
34906
13217
31136
8624
57796
71564
45229
62804
34939
77388
32984
66080
3220
10638
59515
32175
35288
4094
10565
56431
57082
29961
34072
16720
64428
45479
87619
5170
99938
33660
13580
79193
76748
53665
40609
82213
11286
65958
13256
62715
10372
97973
41887
49594
81902
30140
55889
3518
54829
50751
96667
63861
3103
43037
44252
30100
65433
1961
57665
57410
54278
54991
38912
6596
19712
55557
18989
45649
60606
36180
71296
16024
99482
61034
11730
5429
25926
56327
70444
95204
92738
77088
13637
34719
31495
74400
54955
73406
17157
10695
91221
18737
94374
63246
79462
8708
43490
80350
7364
24692
27560
40563
72232
6668
24796
23461
71732
41174
26941
27175
87561
97666
50490
66486
38007
36037
23346
5641
13127
84288
25268
40652
60490
47747
95555
47078
67877
24723
14210
71042
56264
97425
81123
54286
8130
13987
30634
64255
36742
70247
16927
25465
19427
89196
60554
72328
45338
95478
97630
1104
90469
52950
44662
88494
25492
90030
66824
60873
14349
43214
99051
24907
19461
71032
57005
24350
28765
38700
14091
22595
21115
2569
25968
8871
54873
57467
44653
88399
7164
90257
72436
94718
62986
2158
72289
36914
82918
87453
20578
54723
30305
84340
53687
39700
35641
81587
64550
91649
36052
26294
67367
65336
74325
23042
74769
55210
74430
86177
47657
69733
43878
82709
46281
71390
53424
83272
5996
68478
38909
87197
26534
30904
97464
56460
43327
10160
80649
30690
30836
45208
16623
57690
21690
40788
22164
44306
32054
36682
21455
70066
51208
17808
92959
25859
95835
98545
71876
99338
9732
70154
30059
44386
96847
59200
32268
94930
17754
52363
80502
97373
2232
72591
34509
94109
22057
18583
5669
39312
15835
85046
85333
50687
90215
93708
13731
41854
6643
68184
35981
20621
2851
21618
44757
12527
67007
58285
55036
77160
36672
54541
52902
22522
65782
9569
41314
1106
52807
9530
97210
44666
25184
22316
72818
72790
43230
74522
26485
40672
440
62636
75180
81109
3384
96109
25839
74846
19601
21343
60914
28043
12191
10969
12641
97691
30718
83242
39147
76986
1031
18108
57
76327
49474
96268
61077
59612
93087
63972
52329
7277
19272
4205
36065
98908
15391
72247
12361
73195
56494
58547
66980
95264
66833
7764
24863
97714
28264
6624
62039
40314
37430
82305
18784
9161
53119
83364
40637
73433
94746
38060
87963
91197
516
54266
70551
99964
68713
31357
19519
12119
22092
49710
36433
42001
56806
26999
97228
69963
71837
57959
26486
90138
47726
77737
2774
76166
69608
24299
65546
86831
63929
41510
12705
2237
57199
19663
29376
64402
60625
50768
37407
92593
40852
32700
49847
51459
30579
70420
11707
96860
59330
41937
34469
54043
12036
28142
15289
93290
94571
87913
97456
56781
43937
73215
55398
99166
94890
77183
65888
10195
65473
4508
620
80789
65757
17783
37988
96016
53339
79612
95459
40872
57164
41501
41218
23911
17951
64272
7335
95084
62401
98984
70094
83513
32509
34427
17373
11072
21189
96804
50153
23016
5168
75119
32574
51147
50422
45463
87663
82828
2551
51223
59732
94848
70134
24504
12147
49119
10961
41020
37917
90555
32349
39418
38456
17544
73391
44540
49653
21422
60858
7869
36947
75613
86625
56266
23525
18253
24906
4297
25663
28869
88715
12491
60278
98202
93719
17669
23767
27743
84626
12965
55953
6758
98114
26249
42895
90801
95331
8536
88624
77700
85991
6163
91304
53517
13072
99131
31030
97566
31086
88028
20348
29662
49437
78747
87934
76765
25031
89424
2941
94846
55265
24204
32998
14867
19097
46203
29591
16928
85462
99772
1984
93855
57147
63444
77202
69272
70957
86757
77214
37170
95066
8997
56501
60198
32207
77212
58661
68017
91330
37919
47242
45447
7225
69486
73514
39483
7724
10964
11350
47655
50730
66022
28586
22570
30302
99726
66375
978
97669
69152
30501
47057
16886
94205
56847
30776
62683
69485
97380
2882
33727
84440
33395
77166
78112
38504
12539
36705
93953
85448
76904
97429
56818
50754
15239
61375
6407
9978
99151
99711
33070
19689
86983
36024
53595
20235
27692
48467
12690
3735
64620
67513
60682
88046
72109
39228
41947
76738
12904
34363
7611
78174
16670
99984
82317
18166
20539
25917
18057
33567
467
55796
91048
48120
5413
9666
48735
29180
16409
57976
30439
92353
85770
79881
80412
83938
13245
52487
49864
54134
73069
59148
5801
48653
62941
11951
55624
15390
92475
75190
27463
27936
52865
22491
95325
27435
68752
59490
56135
1492
3477
39907
68337
2016
18846
49039
59817
43299
49642
87279
45917
56233
8634
9992
49613
69180
27103
58622
80611
18577
83061
91627
65126
39536
68456
29058
13920
12878
11201
84063
37889
43755
90261
90658
21960
66707
94612
3938
13079
52196
94941
17627
28303
46805
7167
13544
68605
82172
51041
49436
76486
29918
67317
33030
74938
91637
1936
25015
32220
96685
39576
34285
87390
29132
78815
54110
81683
74305
44319
56982
90107
72682
78551
95646
71582
28401
26226
34684
43895
37189
64861
71295
82717
62057
28461
15851
14858
55939
75856
11091
72915
68043
23897
13782
8250
37883
64228
34901
80276
82916
92074
84443
99164
18348
27053
68748
47122
53606
98645
28125
59138
56726
74545
35529
57662
27946
83717
98511
21234
63063
45322
81149
43145
10697
36695
21557
21423
76485
22165
95668
66135
85946
43115
69377
45970
22567
62581
15713
2264
79386
94863
67241
95949
34268
14249
98384
78027
70867
65153
9120
92249
61401
61622
9269
16962
34919
17470
88352
51195
96597
46665
53160
44155
65349
65791
54410
44926
24253
38192
83842
78345
93728
33712
35465
91158
64603
63782
69762
26871
66553
79793
52615
64546
45567
75532
13882
6235
24631
83399
36357
52339
33422
37441
59434
12053
3574
78939
52417
11595
2931
70331
61085
90982
97397
14601
97313
33646
89166
92420
65337
2236
29194
2887
14573
39830
45446
82071
64934
62400
58468
60312
41296
32836
93098
23414
28364
98818
44484
31530
94227
65663
18084
4015
60618
26972
36449
81993
12942
56606
38423
97985
52403
59532
37446
64826
99823
42920
62190
10280
4830
82604
12150
27955
39618
82233
56921
94187
40561
8790
43750
97467
50353
58545
36213
86809
14187
76055
94675
30046
41444
6
28571
95988
96648
35741
49819
52072
62322
69024
68488
17583
98481
77625
83155
75208
56379
36935
97447
91434
749
42842
75492
13456
39403
85791
40897
64869
65188
38908
5530
14836
62844
20835
91113
65972
65705
63226
35857
77066
50722
97610
92711
76681
20307
22675
34030
27632
41216
16908
84378
86077
73501
87145
13405
19593
14253
13811
63896
60660
26737
15567
45444
29130
94886
84360
98425
3216
4258
6601
49982
6200
81757
44157
23200
64185
93398
64557
19818
89312
43044
80180
45981
82603
69499
44173
49164
59049
51919
54586
77366
17629
54438
33121
1178
22122
71376
51738
80094
25320
85594
39966
77262
41580
76799
86674
65735
10344
1534
45314
54391
30273
62315
55915
69406
46333
99650
658
54364
6651
98909
94479
80708
58497
39612
71496
51963
37900
56387
47777
10086
39598
72799
16828
94766
15256
4743
55963
52831
18131
39735
94542
49144
60078
99174
86371
9356
93607
40481
68856
95785
79753
72559
67758
6544
11647
89378
90928
90953
63032
73739
84421
76785
21962
50535
48080
16385
62499
29791
65862
12322
21046
77018
86928
23404
49602
13634
86119
4940
82493
24829
32418
77351
81136
12521
12610
31634
79263
3113
23804
74883
19725
50229
61490
70034
98473
79260
67970
95870
7940
30924
74495
16840
66802
81175
35200
69121
38182
4956
72918
72760
12920
89348
68244
67721
63920
52156
63518
64028
4648
48187
70010
15665
28309
23974
51850
8076
33433
50787
21150
43511
64679
82367
6154
71374
90584
63700
30748
77492
3327
73625
10490
38558
45727
96702
51551
33821
60542
7032
27052
41999
98330
4879
73059
2754
46786
63569
97644
11025
71242
84763
50120
79258
39548
30289
65527
1572
69881
37627
48376
95700
39048
80786
87457
15157
86015
94174
61340
67363
88869
6626
25043
37870
30445
2460
70421
80923
80920
69014
60185
9333
54459
19976
71153
84759
24694
24965
80637
89018
55664
57128
53523
14027
94791
24083
28333
79175
56203
34260
55335
84003
28175
28507
95915
98905
95221
66032
63625
11602
9555
94873
211
29655
30590
47039
15491
1013
30142
11608
973
6845
98146
17982
59216
45844
87790
37119
44238
1638
7347
23782
74135
9807
72552
36214
68022
78563
1938
3665
33054
80032
80643
52122
30663
48035
61860
86783
61641
7906
71391
98259
73684
26176
41582
81980
48740
67299
58229
93183
70027
10309
56582
99400
2273
89797
87218
78618
70772
97290
7571
97399
67740
24559
69277
94972
18397
42706
1355
16351
85501
25110
27825
42781
77013
71620
16492
78748
72827
11955
83055
67764
32900
12643
23363
88453
66254
8212
69722
72626
45782
87876
17837
54460
14112
86929
79565
85169
82966
93313
46668
70930
47003
62509
84157
80169
62669
93574
59295
51227
29533
34333
58953
58896
33532
81949
4670
46181
90439
84262
76347
78867
75296
17423
16130
66160
62753
63930
36471
54224
69347
76167
64778
64417
64455
3180
49415
42446
94168
98886
10587
84295
93565
24832
96793
17606
61950
85860
7292
56107
51721
88165
91446
29441
17678
81378
59785
74455
14264
76796
74820
65479
58705
42921
14514
66537
7309
81874
12547
27740
87537
69824
77253
68973
57541
81930
69301
86109
79134
25557
22179
60714
13369
29446
50694
31547
51993
68684
5687
17206
746
9618
73438
30406
66261
34210
23723
18101
66220
39396
83311
8820
93114
4640
29741
95614
57333
25614
86029
4505
18305
15993
81218
19109
94256
1927
24208
24247
37219
98540
35557
70037
64422
81344
40727
73867
40435
48683
15209
39296
50633
86842
66010
34514
89308
66060
8813
77599
70992
45769
3195
26369
9846
50462
73834
56834
18093
12640
26875
71303
82040
2121
48960
55646
33552
3760
23037
75661
78509
77484
6043
61501
41058
30489
96836
48578
82914
76046
70782
29799
74803
61382
19924
29335
65077
69654
26819
64128
16329
5367
46600
84016
21180
55116
52841
43286
19255
31860
5952
68491
65989
18550
25009
57136
38407
84593
47999
99100
73623
95547
35576
88298
94247
32129
79515
77089
63713
16567
4090
46121
90053
68958
7428
9619
16215
73476
85232
14592
53007
62454
23924
24419
74622
89433
1988
41340
37459
41705
54109
66299
46662
69655
86461
44032
60459
92696
76160
87567
1259
68178
13994
80642
50404
87690
47449
81557
33670
41359
24987
53139
84442
96195
45772
66905
98822
34392
4385
55928
11610
45722
93293
94650
3925
70690
77545
67867
7350
46433
57737
89607
98212
64469
3036
2044
1036
59234
67138
12680
21065
42579
43049
72499
93045
83194
74576
70767
76036
83505
49420
18760
39883
90452
66116
79954
47474
92511
4516
87483
76401
89980
19392
97940
14743
59855
31267
7686
87726
30656
4976
27477
44889
70892
11445
15666
59090
99789
61000
40937
31014
37832
39342
60051
70023
73339
74625
65133
6165
29379
71177
57694
85592
23809
42633
82188
80227
41890
72906
67537
25841
23657
57342
92244
15074
2371
91892
38324
55276
91392
96032
88815
16599
72741
65965
24401
76442
99673
74198
75836
49558
23445
72772
28866
15097
70296
73727
39906
91064
34942
99743
29350
51415
87221
43920
41934
5368
43414
48748
22237
14470
61670
27411
95071
63159
27540
58069
2617
39832
12518
5630
40299
46536
50587
585
54419
50300
16128
22851
99322
36491
72396
95226
75025
94360
86363
58116
67053
90770
65142
38019
3406
53612
25540
76434
54389
18595
38653
72139
39171
31471
4831
75132
63971
67361
56042
90871
94699
98840
37938
60486
32666
17509
78428
80173
59743
46243
375
31902
25216
85690
12410
8597
40997
32640
52199
38227
13744
95843
60010
3596
45554
16821
26996
70656
20475
79962
34063
19159
29019
44980
84768
99977
16393
78313
37396
29814
90764
21224
75282
57627
51928
70991
34572
63117
72385
15706
44194
43410
74176
71645
79517
8762
1079
53975
64358
68738
78843
65822
53903
63826
17733
5813
86909
4539
63365
8382
65481
46749
10924
53854
24145
29029
44035
16724
5912
2965
29021
14921
87224
28980
84439
64592
45703
47861
27994
61266
59607
74437
99359
72989
72636
79003
76234
6336
99295
7560
93566
43812
17070
9879
35365
30431
25924
41820
57634
98924
9740
85378
15150
58591
95190
43519
77659
30506
83052
74494
9820
24360
3940
12279
5573
82857
99473
34642
21116
35965
36747
80804
88143
15878
17457
79383
48699
36544
84502
73295
34956
90796
11947
12077
99348
12202
84449
17434
31976
4804
98120
6114
5444
39162
99762
81494
75848
90320
90444
19000
31395
89233
90449
90133
26339
50530
26729
54695
21174
2397
22701
29982
85905
50340
69617
65243
70929
9910
38051
59003
85583
18334
1017
75405
28440
59171
4755
27260
31708
57345
50450
42917
66489
75549
56938
86890
70537
69007
28544
77815
91399
36750
1916
22988
84699
85360
29972
55532
85559
25402
49805
39835
60276
51706
69244
62785
1151
7249
25051
49225
56035
76271
92017
7493
37995
13754
55305
21211
68597
92896
15940
14366
74709
64111
85424
39751
4844
57364
40859
63943
86095
3395
87342
12573
87711
97434
43445
44808
23315
91380
63936
1452
38301
34182
36664
23175
3040
26577
36422
49562
17465
68387
10466
39364
43683
79177
67112
626
25763
93397
47769
89963
78834
5802
52342
37050
43228
32393
31830
76191
81676
87763
68144
53233
48784
59153
38825
94522
35798
83993
48571
26554
90988
73018
79578
65149
2590
76596
70710
66996
28900
64682
34756
65693
2361
73994
86449
37789
55651
63676
93090
8898
36993
8982
67365
28706
74420
32456
50636
57531
69173
59358
28872
8549
58424
73487
7615
36326
92182
14054
44421
49370
90646
329
38436
52129
87195
13011
37933
62824
9144
56000
68130
878
26120
3690
95244
40531
93577
89563
23531
14041
2781
38708
14919
71092
95893
13228
76022
93797
4885
12477
54385
12543
52859
41515
18012
68725
63220
4948
95746
52959
95283
60293
38840
90723
1551
40881
15297
95405
38454
5061
66645
90181
65129
46932
15593
57562
68697
51934
38225
7065
21684
83817
4318
3193
74030
66405
57412
51454
31307
94957
54063
60836
15564
66278
37118
81029
98931
95762
82163
53836
23280
44433
24898
55422
61395
71314
46802
75033
35451
29969
52955
26706
59928
95003
78723
3248
71782
83497
98945
94716
67304
46863
96247
82719
26861
98673
2677
25581
33215
56840
6700
75691
9742
47167
13842
98539
16156
69879
12246
60173
56664
16278
27177
16337
14963
7239
58852
69468
96955
28596
10870
58317
70411
49806
45220
59297
14896
29324
79996
54142
33
39509
44147
85760
18557
43186
18815
62108
12057
8307
72312
16194
87317
68612
80586
70379
19949
78442
33182
12765
66931
86834
91295
29656
10279
60785
98377
21722
92997
76270
28026
82484
76260
63899
59631
54300
85666
4395
17671
26975
62242
86048
56836
47058
6686
33376
57986
27315
46175
59854
30388
66134
93886
28167
74428
4526
17347
99441
98787
99098
72072
63434
70628
51083
2170
77669
9727
99366
77216
82235
42184
3710
7660
95856
74083
67489
47404
51772
48435
11335
93452
52788
57901
33267
39278
80627
9404
65725
85763
33622
25058
53230
35426
25501
98513
37273
14195
72859
63788
32891
11883
77130
88086
23333
47379
22293
41348
39801
4949
38969
46251
26302
19090
10945
13511
60536
67741
26110
69296
41008
12006
89642
70229
72621
43107
10182
30339
85022
76551
83937
5031
64291
2701
72905
62482
95297
41061
38167
70981
14537
24469
43319
36666
78268
96453
65309
75857
14166
78688
40592
94687
80832
76478
7303
17390
53252
29332
25126
36618
50672
28400
62895
76456
43865
6288
30552
17464
76520
62327
63809
38155
34185
48584
12854
71215
75751
47539
36728
63114
89820
9719
31391
56693
11284
15060
35323
72366
30674
77603
8457
1470
36950
2838
43317
71083
33929
13771
44513
33418
50679
83202
81477
3707
73036
45206
20352
75648
72243
44652
54137
52681
43799
83306
48886
99838
95231
19234
81312
15098
35448
39337
79473
33804
77022
58983
81126
49797
42625
48336
67618
8588
74511
95467
53631
23577
20723
70481
49744
74270
25599
30626
21164
43475
318
31390
5901
56940
30678
10789
83488
12929
19209
63211
63395
25895
25693
68984
63571
54346
58277
20959
84766
98397
61519
45276
9861
40798
36977
14870
83281
66549
67176
66289
70040
25368
61912
89299
10141
2980
26547
54301
86016
62360
78149
71691
61781
47700
99389
19904
77418
70693
24836
29552
36687
40246
17399
21576
1376
98524
35515
8108
442
14488
7403
21125
1604
12962
18673
11971
75397
44571
47528
7837
16608
49758
37217
91793
64997
60562
40104
16201
34686
60697
62864
94870
74343
49872
10032
85723
46755
37237
83482
49691
92421
19566
49024
53581
14505
20089
16078
89024
18708
75604
7183
78433
74042
36824
90856
32265
31736
22826
75485
56719
51396
88232
78859
14465
38168
55478
13508
69806
80098
91930
47086
89812
87682
16188
82481
57052
99234
45181
68840
84071
9447
17894
13089
7064
46076
16613
59394
3022
8510
81182
93643
7698
9328
39609
79763
1003
61835
32903
53564
9743
6111
37963
91607
4204
85855
36167
83894
64132
20978
25902
2052
65369
94838
53555
72574
80656
91453
23172
33006
46886
52496
73171
2072
95064
84948
39574
18838
8590
83684
65035
46608
39759
91274
35824
1856
15634
49922
98552
40518
40032
54575
57485
75668
86829
67355
43128
14021
35253
7233
88375
45312
94412
9633
8966
60296
81447
59470
11634
55222
16530
89953
99077
87288
58903
32061
58831
92576
36965
43274
27948
29834
13138
76548
74743
15363
19901
1606
18888
514
84476
88151
35649
49752
920
19049
22351
36339
89910
12712
77853
19271
65668
71181
13911
7133
56368
1258
78699
18790
9363
63715
85368
79915
54707
54588
5079
33717
89262
54701
84873
616
54042
7717
558
80888
88353
7209
10419
57626
48678
36044
46844
57938
80080
96909
28770
77269
80102
22097
99004
92717
659
82783
29215
32503
12782
18609
65688
49703
35943
24649
63506
40351
72452
65648
76888
79012
53649
56008
28643
87494
10873
17301
55842
76287
46391
86533
814
47724
86557
73814
14328
33956
96181
96882
45267
72711
81881
70561
31297
81623
59001
29813
79922
66363
37244
69022
17490
43237
88424
70169
14382
36655
19296
44243
61675
70794
93032
99750
19226
79546
58420
57809
88243
74170
54008
79891
30115
89769
56208
77024
7440
66338
94488
26462
90683
754
19805
87210
82139
31148
29282
15214
85061
73637
98667
69721
426
66366
12832
20874
57865
69554
81019
84571
36025
56753
51956
8911
34461
9167
57462
9800
54058
32020
94950
45167
3583
53613
16541
57025
65849
11969
94172
61515
74134
138
43749
75020
81992
39597
48238
6618
91883
66592
1617
74004
98308
22270
21369
21010
25178
98739
36600
27298
95702
80270
32710
47452
87583
78978
33260
3689
57476
27810
20296
78738
48738
5439
67554
13901
81534
21362
36398
26586
79216
35328
44749
47599
76947
50834
54902
73619
71815
39032
28952
55897
62762
16481
1440
16797
64575
6892
75886
32868
79588
70321
56280
4161
87616
86342
38487
72382
43731
44798
21655
37358
90619
80074
24958
95373
36712
51165
11017
71717
68954
21620
59988
15939
84317
631
96736
86792
79890
77798
1589
85250
2178
93661
95991
73178
1636
57316
33085
34160
99242
87402
50658
54909
86258
56274
96701
72532
66321
94026
11221
34177
41208
47139
42987
70807
41852
27937
7589
23156
39196
97476
88700
20345
86589
18789
49711
22914
52240
6161
80019
33231
5205
70439
50376
47255
19435
56807
16056
1298
91875
1601
34468
45539
50608
57893
81605
36774
68701
31587
92916
95692
20219
49596
99203
15654
44580
3104
44055
37786
29014
32136
66098
9987
35774
85503
61884
84474
5505
49325
90776
86806
48868
87868
36208
98320
70875
41418
33344
60317
77935
88004
53004
2391
86726
78847
66511
88384
86413
77537
98623
24116
27602
43690
31411
1996
80569
7607
61639
20624
70920
37848
31076
40457
67961
17290
40719
60050
80069
80302
97893
4705
56076
86440
78225
82289
72946
22799
74107
83726
35301
12116
6468
69562
641
15283
60146
61565
35150
18222
53693
98538
98679
39043
17068
34300
51778
24254
99505
91832
62957
23606
9697
59765
50711
87946
23137
20462
92151
2162
67524
88530
5261
4356
76675
30185
57841
53238
55698
55179
23064
88178
61121
87636
19938
9845
90860
90381
66274
92075
1549
57784
44871
91750
62473
47722
79262
83203
85140
35544
28789
21785
12206
27606
48294
29042
11200
92953
22870
2708
97729
74806
50831
74698
77122
88571
501
11467
91234
32223
69602
84899
84969
78722
29475
18097
58222
31461
98952
11830
73047
95590
23775
63475
95902
59087
99156
75145
91705
86857
35940
77860
9000
53677
94405
32783
37945
11104
78171
76561
23170
8258
79256
81439
2733
81072
42448
84681
94812
32979
56945
24513
9366
93924
55980
54280
54655
22036
15786
3695
94060
85747
99196
3282
34324
32414
71122
1824
41500
23593
37449
68391
24002
94591
24003
24164
35616
21952
45139
6855
70894
47229
20298
71494
98486
69679
50764
28925
71250
23646
53180
92495
97061
2745
26363
45082
10712
94310
59002
19202
92000
15746
28327
98888
36143
72055
60920
46692
50554
80807
26262
81226
58026
79989
53514
37758
15376
94831
51603
48296
65761
46497
40376
42457
49601
87808
61506
74704
24464
13950
41589
6492
32862
8198
72446
46320
30341
91933
67649
63942
35053
98121
73517
3459
67577
16874
54489
10254
86832
79368
77701
39640
59010
60423
41993
30563
38661
95215
56390
87354
50233
5707
20113
20523
1848
45137
52286
66091
720
66082
678
99935
99721
40165
76101
68918
87982
5990
99226
61018
54941
3693
42076
97904
53427
68761
95017
35750
52225
2739
4284
9793
43406
28414
34721
83573
97953
17282
46577
28048
75264
11079
30792
20127
9907
16959
6867
44997
70609
34443
79893
15555
96959
70118
67377
10053
91115
48913
16181
8559
3896
81553
22780
84700
77268
57620
88163
68420
33164
61115
44900
29948
63815
38117
92126
14258
46455
6258
15006
21372
6300
78132
91603
69045
75374
15020
73030
17211
97750
36107
36118
56479
33012
17789
89602
65794
246
99962
51683
41893
60786
77234
85861
15557
3141
6803
97071
79961
89280
14593
30202
21893
39914
99119
12667
31068
29111
14108
35872
20619
19053
11032
9395
28191
75928
48968
79461
86597
38170
24923
2667
89599
21417
71527
3398
60689
47493
87571
52062
40411
57969
7681
63225
98143
3232
79004
58619
70479
55667
14518
87121
55531
21129
47537
48745
49045
25735
51576
7805
97140
8714
59846
32826
71991
6061
13034
38973
35583
17126
15331
88986
57605
89460
30855
19167
63036
33900
96312
43569
94366
6948
51907
82153
713
3176
40375
30857
27635
45170
66273
30811
19928
87776
3799
20925
15134
49055
8227
46337
40261
73100
34450
98272
31460
44581
61771
77792
29525
33295
93084
19096
2674
63771
39194
31195
76407
57991
4069
79068
37047
96351
51066
64058
13113
6227
22571
23097
28323
29031
91561
86870
21123
40888
65039
81716
19985
14397
1062
26849
36833
70090
49755
91418
19130
95029
82062
19881
12384
7298
25111
93635
40267
5804
82282
78009
43444
95773
53375
31500
25326
26651
46012
81215
51586
50330
42391
52105
90327
21219
92043
19688
45875
45537
40109
42352
31907
70655
24903
14820
28241
34472
14364
45299
46811
3686
45744
18279
16308
75945
45107
34805
98803
70085
96280
61953
57049
75188
72220
65956
17595
36696
64628
26757
15537
50384
5484
53378
5549
34774
24205
13646
79085
81537
53232
70207
48597
13054
33186
86653
22881
3178
58621
71406
77577
69414
41648
68009
6352
63756
26820
75602
37821
97138
73003
93599
85113
31087
77623
12112
59421
23953
99853
554
81062
84415
25241
47447
876
19644
67469
10287
9067
41691
81944
18864
31674
88776
67770
2752
41506
76406
38166
40682
96581
157
65574
23827
59539
39633
36034
63392
11615
66175
56060
7634
31532
90722
79616
90751
18707
16281
45282
15850
41961
38666
71960
98747
9351
15554
14737
12424
85482
72274
90187
90068
70874
33419
10862
69985
41911
93823
41974
48476
11973
22874
83777
38782
11490
55407
85585
51553
53137
78421
55683
31274
10189
43341
97437
42006
14391
16873
39436
44549
29114
41948
73341
13015
7377
70636
25555
93998
78446
24779
56214
38591
67813
76805
43647
3932
90726
36369
10371
86858
91002
64573
57390
72129
22806
42417
28072
48573
73084
29705
30726
36225
59733
30503
53088
12829
81292
11675
39220
91116
7569
70567
68677
71880
47019
82324
14301
3175
71685
46827
29248
22984
96374
37947
5991
91411
24928
48647
35254
70513
84451
45936
41217
19444
98116
58108
75138
42692
88218
50187
55583
19937
98969
98663
49189
87284
44258
3330
83983
76667
19269
36789
40205
29696
2557
86514
24835
11500
29253
68240
13944
21590
24539
5387
93884
62415
59625
9188
19340
35880
82537
20460
83312
90203
10729
23739
53324
81805
957
16655
70967
4324
62128
45225
89345
5525
78759
71545
50860
59789
84318
29013
89509
30145
99580
76950
66171
51652
4654
89336
18845
90968
90828
38124
44342
44523
84261
30016
5076
10509
43175
85637
51461
89059
97510
77379
54175
95246
14429
85245
19730
53041
40401
91814
64877
38820
40129
164
93773
92274
59852
49962
89515
87434
94982
39725
51428
37246
32528
6045
4678
50802
6032
31150
37466
73219
68368
6215
70924
74304
59177
95623
69867
74263
5201
62534
26022
9036
86854
6220
2054
41861
3381
91010
30533
28686
58905
94404
21720
17459
59340
75209
62572
29688
63239
65390
9756
22931
80384
22443
27380
20888
10800
85133
71526
55992
19471
38641
16515
90744
89409
38966
89011
20580
46423
34041
70569
56552
32502
81931
12552
10702
13143
68149
94127
10200
22590
24812
38686
45079
67678
74269
56406
70781
25701
44143
60171
81695
60761
60923
37013
43952
13877
96737
25322
28986
89787
11183
81048
77868
99450
7732
31785
32485
81354
37220
42133
88709
68779
49484
21625
36680
70757
53870
24322
54465
7323
6656
1209
38226
27898
38895
87666
85449
60616
82797
32253
57285
23437
21246
13910
17400
96569
48984
32288
44216
59360
27402
40126
24721
75970
86915
15628
7104
24911
58740
44764
28002
62585
90413
64367
40965
69970
19929
27944
94350
7415
18493
37182
31551
65338
91219
84813
25038
75785
38631
50027
18901
59913
93145
51984
13864
34620
49297
40975
63158
32819
3270
24452
78322
74714
53049
19299
69700
26580
94519
57287
7161
87412
33654
70022
11638
87533
51187
49094
49028
17028
86057
34595
21168
67351
86361
86693
26716
39021
14853
78324
60435
88903
5193
77374
26792
66
85904
47668
77896
22087
27542
71440
44933
38250
47161
80988
41273
14759
31131
59207
28378
42639
10805
25129
33723
80549
26843
34418
16036
75050
34529
50164
19371
27251
8780
87086
20646
44827
63087
87837
63798
95113
76154
23024
60157
12669
70293
3303
16606
21775
19248
4543
58160
25645
56567
37675
48024
89589
79384
69558
83714
49001
30216
51568
59243
58061
44567
86421
4145
8892
21155
19550
78655
36141
37997
95351
63214
8099
60091
1774
94853
52488
79507
4930
22618
6747
39557
5601
51773
80191
9426
7287
123
65677
52414
62186
17924
38039
48618
35022
27337
19488
6970
71326
99937
92571
77726
23573
98144
62280
6980
44288
66339
80752
57509
56943
51942
22480
3105
2117
97935
25093
60052
83524
69331
3199
55840
56255
89305
22320
79927
31667
75497
75720
6664
26109
64288
14051
22672
5772
33131
66454
46285
73756
35665
54908
65639
53713
34508
31818
35993
72708
29369
63804
60005
31029
37326
22761
34705
56691
7875
30262
80464
98275
86930
42083
75040
51733
71254
45629
27065
82076
65442
24148
71878
69275
11340
90112
18922
92296
1642
92667
70436
68038
59096
41364
68122
86878
52715
73427
28622
37924
72054
97670
12000
48902
95929
62133
69483
74724
46867
2724
58200
7577
9876
96077
19650
41831
57210
12141
34126
35334
28942
44918
25691
30392
17283
9272
24798
5268
90963
74302
16801
15262
29154
43614
60245
10530
4666
14181
70545
17884
96982
64593
57919
57504
3963
55443
22558
6894
18978
21631
50456
52187
35005
54088
59655
12797
75216
60950
7832
53219
85386
82829
10186
19326
14800
20363
57022
65245
82472
46494
2940
34767
74237
15569
41315
81983
31183
71018
79238
28593
77946
49857
83067
71765
95566
16776
17398
81966
34617
13069
34878
89048
97736
12417
95981
75046
62577
27627
84845
79296
12145
72807
30700
37439
31840
31431
4300
14812
15212
39602
85187
34402
36497
2642
14744
13483
1022
19039
89010
39497
12757
78743
35582
78498
2971
47196
40522
73670
54273
18701
67978
32651
8270
10586
74407
6434
26501
5638
82277
52820
8602
90264
7840
80490
87634
18759
70001
15633
10005
23214
71253
80520
2366
43492
93540
50277
88512
79053
60936
71708
10743
41959
39241
74760
65744
28683
3097
70986
67901
78288
74912
99108
41925
60163
79287
32442
93742
20856
8008
86150
39928
57670
75765
23832
21663
53080
65385
14417
91177
18912
96487
2991
66844
49109
34069
33191
43315
94106
52082
56569
33067
93814
76591
19206
1096
16089
24076
18300
852
53490
3947
38457
42430
29874
87043
17285
87039
81608
27014
65503
18009
48450
49522
19609
86161
27342
87465
68966
28795
144
98664
87884
66669
86300
53648
25806
74829
85100
80223
52980
3424
52515
15960
25722
97908
22055
42386
17547
60978
88580
18602
65248
90558
78537
46412
53532
2246
29864
14566
59518
94648
68124
51577
69184
21906
26614
69490
55257
19010
86899
44907
39394
57782
1646
42102
58438
61221
24773
71258
87870
6402
26776
78445
23787
67986
66007
30375
63800
34054
74589
50943
10822
24934
53727
98892
12380
49361
62682
7535
13550
13229
82346
52491
81316
78474
92460
79827
79480
89198
43942
93012
5994
86359
97915
65470
9617
53170
28124
51469
67647
49250
94151
49954
49800
5878
88171
95615
8535
67348
14626
94526
75199
33602
41044
41204
90190
19354
56133
81632
8107
62776
80474
62959
19560
38986
43688
40039
2715
3990
97894
29381
77337
98399
39009
16542
42293
61597
23907
54463
60475
2036
35914
30862
84972
94776
3924
78212
67810
43679
97363
47704
86789
65180
96482
59549
37645
43957
96769
48259
30647
92039
34216
18575
40456
91374
38269
24550
89044
43664
6039
40860
57580
52413
92208
67038
84990
81569
93093
30300
94652
32059
45146
82539
51890
5233
63828
18670
88427
8837
50477
32780
64248
23215
62429
57849
50721
61547
864
1987
3415
3823
5317
5831
6330
9512
14171
17337
19545
20527
20998
21380
21811
23409
25752
29325
35886
36455
37255
37455
38573
42721
42882
46160
46889
50878
52169
52756
54258
57402
57641
61320
62624
63965
64910
66127
68075
70035
70959
72240
72399
72780
74801
75083
77133
78784
78994
79657
81540
86859
88840
89620
91951
94615
99957
