92524
2897
75382
3760
93813
59954
99309
42599
69124
78224
25303
19215
3487
95741
21273
72556
47340
47554
86022
51466
41306
25027
95449
73047
83948
19142
82224
32707
27932
7606
56323
15190
4040
13428
62260
29996
55782
95190
47530
15400
78295
51163
4085
98862
41096
77900
40709
83009
76191
695
75894
54425
78660
68011
36198
58582
56155
60625
56963
2175
82219
83655
89699
27377
5021
93149
3724
62787
14808
9567
85294
63258
35322
10973
52166
52408
49920
92913
25604
41445
72059
55678
2641
45002
43543
36785
13635
64709
58382
88317
10083
3876
81219
18189
13355
90906
55688
96084
67200
26895
13625
84289
83414
33992
27886
31333
43553
88505
98183
43546
57341
99148
94286
6536
58591
10847
51950
26815
53996
51878
80318
80849
6834
17200
66466
52745
29876
58677
81289
89366
34496
95517
46818
48705
6274
67219
17317
20547
32488
71852
62938
84934
3225
9658
35896
69213
13114
79866
7119
28107
44429
76782
3781
23002
70423
52050
79006
60589
49420
5824
17961
83726
49623
44265
38019
59572
73230
29183
60321
60099
38443
61375
21180
41650
70100
36396
99411
72900
14605
80609
27188
8227
85521
99580
32937
12675
23658
11262
1872
47894
96513
63866
73249
24607
99517
31310
34298
52088
38029
98804
30929
25397
6396
45962
74456
99669
57559
87555
38497
57619
55352
22999
57241
32045
88634
17787
66945
41403
2419
37255
18843
55645
3574
47146
333
69051
98235
97234
54338
42516
77930
50483
36763
34143
76343
61618
21955
93217
20366
82774
87459
3567
77197
59127
97468
63208
63762
70181
39477
83806
73284
29575
56183
28273
97562
16260
39389
1742
805
14183
2424
36032
36815
89285
88927
7074
91854
74026
1803
79686
86829
82797
4734
39754
2648
97425
64764
17214
88611
68762
15567
24943
28673
58645
2105
58396
56800
3694
81686
43030
31642
2069
16412
36534
35530
37666
7744
68754
23262
36530
20881
40331
13249
71197
73470
53974
19026
43621
51263
73329
22441
60455
83230
31119
37563
60950
61157
46597
73521
21626
29880
67079
51075
24682
21986
2595
78920
56427
67883
705
647
27257
45110
28199
26915
75080
44089
10633
32151
92513
48732
56214
68083
55893
58051
13034
89025
67259
19182
70060
19596
19627
51427
28276
33617
65621
82521
66984
44211
15342
64350
14141
94309
11454
8573
21168
66385
23940
10239
97333
5164
48340
81714
31601
85541
4732
40750
61011
10660
27948
56471
40661
96159
82181
69614
68425
21938
65414
19731
89434
34704
32672
47020
51033
7270
59282
76384
198
64792
40025
77143
84745
2510
6890
34789
61363
48819
39586
38811
24986
69745
51375
87268
40827
63056
52233
73453
96827
46844
96052
74038
37574
80875
25221
84731
24167
82770
51442
21058
7279
39302
97148
17761
44020
99817
9775
78280
40797
81055
5681
8200
79307
65464
26720
37616
20986
86025
3919
12900
43861
52699
22718
98697
88707
74055
71559
91290
26120
62470
36471
84349
49618
85264
58962
67527
33225
68467
31602
24063
34702
40690
60502
74889
26237
18062
24582
38131
10205
38738
20290
89795
54321
72951
65561
38683
52781
8565
57464
43032
99168
32811
65185
9395
86421
622
13820
82849
79996
65699
61323
58629
35333
25529
16193
94556
13914
28467
8163
94127
34000
15723
16401
56257
22799
8151
9595
54233
15247
27481
42507
68232
46761
93547
13683
79043
24241
73352
15817
32805
16390
27155
68551
54848
47240
49755
38060
31302
35870
12833
58755
39432
9244
69575
33714
61240
49353
26089
62969
71546
55789
376
79811
87094
11436
26043
74029
89161
8538
27178
2481
37067
41629
84518
99548
48006
9821
88741
47738
19857
13169
82107
77573
65867
96694
38837
57968
59587
94480
64270
87946
1476
80076
6093
74920
16894
13458
47384
24743
86686
36973
58192
3958
98070
53857
85183
99390
3043
13100
95663
89124
5074
59349
69302
68265
51186
81781
61162
30448
25697
34963
15222
32228
64414
4717
16699
85767
41455
2482
26398
39339
33035
70786
29150
47182
11613
61038
99449
58171
27992
75676
23487
34911
5440
9142
50915
53889
76323
5879
828
70272
3699
30893
2478
73256
7746
92874
78209
68751
61513
75693
91262
26351
7275
75031
35192
16447
4556
20851
90702
74938
68867
33566
1845
63661
18856
44475
59979
94311
13307
17562
56293
88259
29062
64196
4190
98118
33010
28740
1881
80622
24474
29994
97020
67495
58391
68861
12033
30706
26145
32930
84344
43233
27633
97163
82758
71021
63441
43347
7284
12881
38941
7570
38528
2662
2396
58593
27758
21551
65741
51248
4400
50419
8078
97747
63216
19393
70590
8068
30318
6447
90086
88212
32586
44908
39632
27929
89031
65080
9096
59169
3521
79738
41410
34996
12645
72740
8473
38414
7496
17808
90360
21561
58046
9976
24930
48842
85945
81278
91665
56388
88477
15890
8005
72882
75712
22140
94084
31253
7532
5154
93713
67565
59484
14630
21751
17571
50019
91504
42551
74810
9104
76399
63132
59028
7982
68901
50467
14431
77996
46593
57555
14218
90132
47157
11083
93288
71328
59655
54121
80695
69348
53457
63910
28492
73684
60126
74099
5029
97408
26021
68045
44300
28312
11984
10790
74847
89054
6250
24060
80228
85128
53433
71293
87769
64203
93090
62878
91196
85708
7710
89001
15898
18554
27356
82210
69204
66823
44825
12846
5335
44693
3440
18109
66798
84661
86823
79306
50945
96743
29038
63381
42703
82218
55822
19494
36099
92702
50367
85276
92063
77153
58451
57050
8925
56157
7477
26440
11251
89711
43848
60723
65923
60968
4229
13103
49012
10923
90211
9128
84273
78754
55650
19145
66465
46034
95858
53413
77948
26654
73822
18352
91496
55391
87641
40186
54637
80012
29009
95647
90025
57033
81688
37244
57704
12879
32750
76082
44353
20453
17329
35273
36515
78242
94125
24279
8659
4914
1380
95643
11818
62891
19311
89257
21259
56865
81211
62633
24529
67453
12112
40829
63105
4093
22211
80839
78163
27968
310
18181
14066
5575
3778
41252
21310
56819
22042
56539
55609
36022
31069
56743
96860
81359
20501
32253
54455
60566
44980
62804
63283
51148
48165
89948
88921
12556
26976
64484
42913
68235
32118
54552
29305
56255
38461
18237
65934
74576
19349
38489
48256
66023
31144
64874
57369
94458
96134
69580
59736
12169
72203
98288
56551
82388
81669
2220
1478
80482
14061
57340
57522
19996
93220
75875
96705
99618
83062
97597
57622
37869
28695
67604
61259
37703
27065
63669
84773
16232
68936
64231
35574
26081
16862
81140
67421
50690
39480
53545
35638
13675
11307
41605
29707
90619
37580
73768
90740
82373
28501
35878
19257
6607
12343
75220
7707
82017
61779
10824
70022
3141
67315
61716
52765
72264
8780
66498
3001
26395
43258
90289
57043
29667
89604
87173
2888
85971
9366
85435
24365
17893
18241
93672
28117
48970
59876
47050
72506
30692
74218
57456
60463
90391
40314
74346
38551
45360
47283
26008
74432
54766
46551
44064
143
44306
28909
84901
91240
43856
11069
72666
88977
25663
41824
46308
89194
96165
82764
16017
82718
55096
22245
37843
44317
6864
1926
3584
89897
69197
60865
35476
46874
37492
60480
85263
48598
26653
95903
88280
75816
57699
40497
49298
32494
88890
29666
29
26827
92830
12183
12621
71391
55069
99412
45038
20496
27800
43554
85803
85021
93594
54386
6897
90204
85869
53194
75494
98020
37583
84782
59009
67436
62081
98564
59485
62595
6106
74398
27168
27272
96702
45858
85864
46789
89768
92442
85837
92705
17897
2744
37963
6308
19771
52391
90696
65825
60356
77705
2003
12617
98062
93335
12024
10002
3281
7114
40665
11906
99984
40477
1189
59234
76368
62135
47009
96018
72758
67718
84392
40042
15245
67988
28154
61196
62380
91957
32807
90833
15770
89164
30003
45527
3025
35688
14773
32754
67018
77913
51674
37389
98981
84105
55201
6786
81120
49252
93797
66307
8047
57491
82598
7112
32346
1867
33509
57573
57101
59751
26224
96178
13999
62359
50782
15584
26466
64918
66915
21428
25308
1181
65078
31846
37785
43498
74382
4252
91162
48415
66761
64495
57176
84953
63755
1261
13441
57607
9150
34475
16839
4871
7832
65156
87209
68712
83677
63303
70785
39279
30789
33806
45245
35895
3024
28896
35452
62709
81047
23715
74751
79573
22565
85637
26070
85020
32948
94213
15465
87302
72533
91104
83153
97778
291
64346
83049
21084
49307
18332
43334
86237
68351
14759
34975
76759
47414
95740
41482
86600
97389
7656
95388
5850
38040
94580
10898
12852
98314
86170
99940
5987
68256
24260
45227
48653
67824
76814
52702
14506
26615
84503
94319
76229
75335
80960
85982
88615
86679
93566
70974
25447
48118
79141
13481
4978
41898
69582
80440
89954
75512
53843
85505
77924
3360
97641
31891
39181
63587
23631
67567
81712
90579
45023
67581
98033
11460
43143
58986
66871
4966
29243
71016
78123
64359
49105
18810
18907
70262
57021
9038
45907
77580
54525
87507
96562
99078
15716
61654
13660
85000
85395
47031
48824
88670
90644
87541
59810
61054
89187
15603
67037
93952
47239
83303
61052
99947
29534
94373
7098
44097
94774
15921
35904
86338
17760
57071
17334
28821
78081
86768
82272
46816
66267
3494
10815
24135
52756
30784
87102
71213
10308
20807
5373
46245
31611
78910
93728
29714
24585
67907
60454
77564
6399
69294
81449
90605
9232
63609
19869
50417
21409
38999
47164
58562
88540
11465
46603
12826
19777
16576
18224
91694
99026
31857
90055
62553
56350
97338
43580
13583
75385
18654
61327
32342
72637
89743
803
99397
40993
68670
21588
16388
48141
35358
14059
63354
55653
77721
48283
43801
79917
50228
1153
19048
41018
92650
64706
4543
51412
27312
44511
94238
27873
16939
29322
2568
84446
84555
7573
53146
14124
44464
32137
89375
98840
2500
5103
50287
32084
66541
29696
47376
5727
13230
10730
23588
86980
45786
58300
90810
23526
23220
99567
16611
37510
14180
57718
29968
78938
2546
75543
54387
44391
5761
18935
78583
1483
15343
69332
92430
95358
5200
42788
9885
61825
19601
95068
51299
45298
81404
66810
50296
97986
58200
43667
77350
67866
10019
92669
69854
40611
34325
17637
88886
40086
77807
36728
10704
75545
15298
94791
94112
32021
38492
37756
81351
28359
63010
30691
27770
48421
16353
47789
45759
66502
58882
54016
91327
21217
26628
94674
79356
21177
84656
65761
89181
5451
6102
16114
886
67534
18577
31450
39310
54643
70069
48861
83628
88669
62000
95397
54783
1468
67607
74560
63012
81104
12732
10889
8229
51587
45468
60931
45283
75650
19449
84330
10051
72428
1859
57154
3099
23300
4185
43755
22826
1614
55608
93171
93548
58744
11480
60850
50892
99229
95848
20874
36470
9628
3325
12363
20641
93382
6774
49030
44843
72673
88161
48254
2608
70797
25175
23313
29289
79068
24078
69495
53905
96187
69315
88647
2018
64619
4173
32878
65534
8783
67473
28528
31556
42451
45947
6066
77993
35585
87658
22361
39877
96771
19428
82921
85314
89151
56618
42548
7323
6913
40181
27281
68411
80630
56089
27269
51238
80793
78211
90948
88539
31115
22792
38177
35010
95350
98095
17659
85340
86985
23552
77427
6330
14954
97317
2587
54938
22473
4970
40105
414
66642
30567
3207
21124
18630
40165
88893
52902
77001
29136
84472
72288
69122
44900
13309
96418
47012
89081
77210
54608
74491
32271
24606
38104
23017
49916
58008
86405
91097
98873
76813
51264
51819
4754
64865
44410
25195
26184
70486
2782
99733
89618
82357
2532
90875
17413
7351
56751
65105
32705
27764
33158
52663
31764
11839
73627
14396
86293
47756
67143
90346
66881
77642
85298
20163
99766
18841
76642
14684
12026
12126
71778
10990
75106
32088
47549
49283
69976
17812
20963
2613
18522
93007
59748
43033
18092
52707
95289
36653
28966
89293
34867
72079
31614
19263
24593
30975
62794
74720
74116
77612
42025
3580
79252
68976
55494
51158
86197
45309
6152
24400
62766
63568
50008
79229
46978
32378
35567
45792
39448
46020
69726
42161
41288
27563
92100
60053
17958
76635
2043
13147
54316
50167
47653
20022
99589
69824
22227
51664
54769
20081
71404
47264
27395
55190
59761
30619
62336
29963
757
84776
898
63246
6942
24074
84483
77696
93048
82297
40320
42268
2529
85326
91998
72807
11870
18023
518
60785
16140
65259
66377
80358
27672
35390
69007
73164
87846
53804
90242
69405
67715
33004
57126
38594
18914
57366
84337
19709
4831
95577
91567
96612
59278
97782
78402
27592
95751
7601
1433
60024
15859
80660
91213
58032
48800
75365
45377
31562
61312
66113
24900
31665
51534
97838
74167
60805
79433
48197
42267
17356
59903
81518
1148
53693
97826
65067
32824
73947
31597
75941
61886
70285
93583
63782
24947
68143
55478
65051
88739
1251
54893
81144
18423
74763
87113
21969
93639
82975
76978
78542
71667
99785
20979
73933
3365
43655
87690
21479
87778
92169
71003
47498
62091
7335
74540
75429
9078
76604
26288
67376
2347
22423
96908
50110
78319
47253
97947
97716
16552
57308
2809
34240
29049
83150
76499
17735
70016
16344
5888
59897
50891
41195
98990
4542
19641
60703
69754
6871
45675
56550
92653
76990
66991
78662
39713
21093
15772
11792
75969
92523
64925
96278
64766
43298
7583
77261
2552
1605
93986
7077
34638
54691
2367
15894
25312
60504
21875
92090
97849
53516
71806
70990
6105
40055
69804
36564
63474
54123
32629
32177
98147
30571
682
18403
16083
39971
45177
65983
84673
33279
76374
73413
56795
91648
64754
44375
96071
77471
71670
20000
90796
17319
58632
46782
56187
77831
3707
93212
75595
3504
11350
32571
36319
42211
9373
12167
35364
84137
26236
40780
73198
42849
58773
54184
67348
47345
11093
6792
74057
20255
34759
49331
60517
66682
2811
19492
33142
78755
4372
3189
54661
73313
25990
24310
27897
97331
7925
16297
35828
28514
56342
57694
91426
54035
95777
12561
70304
48872
83724
31506
59209
32916
98813
4381
14736
36598
85355
44970
93032
32141
63472
12505
55897
21176
98122
62501
42770
4549
17867
20673
30467
66639
80175
89820
20129
3935
97036
53436
84804
97683
94222
79047
61446
58234
97493
44824
17314
99023
90072
93191
62052
8021
2560
4666
342
79440
1535
25230
17285
27389
90624
46071
70029
65503
50272
68633
4640
77785
81206
89412
17879
68772
38591
42140
26584
43458
39944
34162
5768
55236
68945
26228
6151
76717
77931
79897
29417
53710
63156
29915
38835
82240
58019
50986
22977
53986
46731
81728
1390
93877
31918
61839
81265
3177
18394
51687
42276
99227
18161
29416
31406
75342
35406
86621
96621
81297
50531
41808
46663
19371
16556
77859
71643
76373
25314
26075
46440
96111
40994
87591
79146
41508
84646
52378
26046
64403
44597
52656
71337
91047
96371
14028
61432
38608
56415
72228
58553
4351
68668
12638
2973
67146
6945
94101
9146
82750
89929
92042
83627
82155
30583
60137
70815
61459
12853
27352
77263
67303
51254
43201
99516
28736
63517
672
61099
77501
46973
11782
85466
99915
67292
65268
1843
56477
25848
50112
43512
72734
87343
38148
35161
14358
44264
76692
29990
65536
56127
2555
35146
19854
99236
49016
12573
10440
93515
64831
27623
78482
44906
3937
45043
64508
17439
88440
24843
68678
69753
9116
48835
41509
82896
8892
12461
32653
19788
65451
35102
96206
97178
51364
67963
13214
88025
44504
31784
30723
99213
1486
91997
37867
58925
19525
9632
10295
28707
81654
329
71769
57335
49590
91848
72493
7764
29140
43272
39592
4628
16280
19238
39874
78243
19735
18807
59838
59959
71642
94022
7654
85375
87584
78513
80822
64451
34088
22233
89208
4730
15140
68203
53025
6826
7199
15462
81873
53788
22434
85564
10536
7288
50232
7305
69292
18086
86333
69529
15564
65766
28070
34679
13776
97984
65313
25347
20581
14244
12215
96811
21574
90819
74030
45905
17696
7122
79602
46919
32297
55585
34065
18941
55932
50731
37825
94864
58999
60439
87000
51564
17074
85611
25590
95004
77893
28986
26766
59503
5233
90170
38227
32698
19246
44184
56098
54178
40068
45681
5453
18495
95322
96844
40190
98833
15071
12901
39800
13602
83887
79937
29675
49234
59233
5769
96967
89368
80481
84829
13766
65442
81626
39705
93567
99702
87500
27821
86532
18262
42238
31205
63900
4496
32972
29548
8948
35711
14375
34537
48365
73308
70994
68736
22735
60714
7955
75369
8276
48772
34777
81483
85776
3776
32974
89615
41093
8504
31066
81817
82946
58502
92815
2806
12324
39965
6030
9765
16033
94010
59578
10939
51656
74190
70669
69531
22838
23821
22110
78442
56732
16434
49854
4939
69482
49020
70004
85083
88556
21850
46380
71543
57803
19956
91990
3652
47525
55255
75730
35383
41693
23257
45456
35939
1039
5622
82189
99551
16606
83717
17611
77415
88078
12416
83139
2516
70447
96199
79531
46947
38228
25550
53753
52890
64735
96273
20538
83783
63695
17262
60028
30009
47475
89123
44766
95803
74476
45329
49560
81396
91382
74679
58278
25537
36439
2120
73956
61746
16063
4430
50674
14474
69760
54388
16519
472
77850
4687
82239
31635
32658
25815
14205
17777
41066
61396
59499
77741
45226
64368
24249
83244
37567
64044
38790
65872
38363
33420
72144
15728
11679
3118
38034
96185
58240
76894
41359
33644
17554
11638
85962
18852
84827
55243
26547
45229
36019
66522
97167
83910
95492
38724
6770
44240
36314
52572
14376
65038
79960
3497
23539
29001
53472
58434
26414
34645
7145
24326
88578
25850
37535
20206
70989
58512
89798
69859
65212
99806
4657
88160
36892
63715
13190
66662
83279
45826
87676
75456
4318
95091
86635
29927
8109
55449
49531
19071
57896
91322
93596
23646
55539
83068
8280
97989
4813
14853
57421
20774
30956
76128
76519
6052
21929
93498
68222
76636
76655
31907
6264
48683
43472
83060
956
49112
55981
99475
49127
72105
64623
98219
89409
63217
782
72904
21654
96197
92749
4969
52427
172
64491
18548
16431
97739
62184
48613
56582
44224
3711
64613
26905
19960
85858
49048
48056
19950
54310
87269
99558
23117
21332
55266
45321
98700
38219
14828
35937
25947
74674
73095
14906
45332
24079
64597
2849
88115
13373
81622
67494
19883
36800
18374
28885
9740
51767
69340
18565
32211
11038
35226
12087
98900
69948
65142
38079
15047
64353
66877
79723
1795
72111
57205
89787
37584
89956
35624
40258
2994
25151
47598
6247
28783
66288
60294
92680
38804
73297
1613
63564
29892
68648
47561
93158
44460
48740
28515
65865
10881
88474
46130
14387
10869
92899
30460
49664
85907
88158
92972
30687
81739
11860
52549
26097
23713
43378
42441
44515
34187
83265
43152
7171
52217
38295
49490
37363
55395
85196
20908
16575
32863
66011
1557
55970
86376
2706
84322
32633
44992
57479
8448
45459
83248
27040
44142
85318
82246
83321
71369
56160
58700
11330
75044
22321
32436
54857
25466
41276
35889
7307
68159
3285
63754
29028
90684
64222
62915
36523
25306
84249
33485
26259
65687
83922
74277
31961
28865
48556
54504
81516
11266
98692
37956
240
46460
37593
20602
36882
83250
53767
63965
83041
47552
61227
66475
72309
90008
24872
391
62756
5277
36846
4530
39826
77918
79330
5424
68015
29168
44608
64326
43495
90963
3561
42092
41835
51588
96797
84730
73052
23611
68704
21436
20646
87539
90356
59833
84476
11587
85001
48657
27759
91040
13198
17264
25877
516
66408
49332
31920
53132
12046
83737
74645
60866
31640
71555
91478
60050
42371
52327
13235
75822
10066
53373
32989
26859
98149
94486
7609
84245
34029
14538
81915
91205
4570
49499
1016
49405
68243
17368
52534
55521
57514
14521
72971
86601
51716
56421
20312
92455
28074
25701
68941
38149
78039
71247
6122
86198
44214
57871
1757
20507
625
85169
1203
9363
5162
92203
89302
12194
65944
76475
20595
14326
95936
78693
63590
2948
67076
29646
62043
25732
45781
36619
55888
21159
4910
28155
3600
83138
87739
87346
2707
16158
36359
23035
56118
57561
69617
65567
20748
65139
41596
57517
42007
6164
16007
65273
3819
7695
59279
16857
44872
31192
90140
13738
66875
60035
18579
64745
45969
20166
26155
23508
13538
97912
6163
46346
85442
8208
91204
38698
68263
94217
8096
17815
76196
20181
4118
9271
76318
3369
68669
11536
48291
83163
53143
13922
46046
10438
38085
2842
69584
88498
787
19527
99614
38726
65767
24236
40240
16255
49642
71323
15687
99949
15978
1894
89674
38192
74271
91130
10672
68914
7939
53520
79100
85271
84626
40997
4460
49712
49973
16145
7717
89577
85913
59255
66553
84147
40587
98164
91481
37430
62419
14660
27335
16580
16882
95148
27024
14430
14754
43917
57386
92915
1661
99007
36672
90076
70978
7797
70955
93280
96712
64742
46637
28298
21784
39361
44349
33198
87545
63070
87979
83175
86417
80888
90771
69596
167
72764
93063
54359
76601
69183
61598
15970
31806
89047
13161
19758
43679
17124
73539
11400
42381
98633
39646
93203
58606
94263
59820
27533
29609
56440
3905
41275
49373
52200
74067
30481
69073
93673
63049
61028
31864
19526
94735
21330
42188
48484
16188
5932
58100
51298
36033
57788
97296
52805
82972
38510
50627
53688
64526
66015
22274
53465
95216
19406
44979
60897
56204
49397
83756
36538
704
13705
91373
80953
52240
41728
73260
82679
85335
26626
66736
45149
15709
83081
43076
66388
48776
76670
37598
82251
45692
54520
19652
54843
93338
56164
85188
21854
97238
85872
63732
16667
30528
79278
3686
17919
27850
36675
21420
23119
22563
6953
4095
45664
83404
35707
57377
96440
93070
50014
73328
13224
70736
76215
52132
8233
18768
55376
64891
12239
35031
68371
676
83562
67248
15820
29483
88334
20208
64144
41150
38253
26024
86088
46562
11403
31006
77480
6749
51696
6050
92466
30879
81527
35520
24251
38752
9684
15104
87908
8176
4142
10050
69170
91419
48769
59723
51136
62706
9107
55431
68253
64074
17701
79955
52763
41236
67281
55187
44881
8393
79781
57978
19714
28440
87832
47852
7961
71754
5114
36730
74651
27341
15408
50949
27918
69950
79347
8857
80945
70800
8524
39521
71398
76789
2297
63133
52012
63739
53504
35356
71853
25536
80658
91961
57384
77293
83854
39790
45713
28743
58226
40218
89483
61420
71353
71109
8081
11342
13473
83598
13019
68962
136
96775
63575
90591
77546
83606
88800
141
27348
26058
37773
95294
16270
97932
7411
84023
38682
20498
80912
65086
98176
60478
77928
44969
33441
87257
12580
88034
47744
13228
17115
1335
61962
45438
96476
77140
11547
5642
61368
48898
45538
15204
94881
91150
34681
80727
66843
83213
84923
80125
55708
33949
20322
87443
36604
3856
1700
54739
18474
87972
16308
68445
18421
57711
49337
19457
20598
57313
1513
42403
75952
45071
47612
78695
51280
99225
51209
41631
30459
50625
50781
60114
50495
58942
92505
58898
31177
32871
1919
88641
3518
16078
58663
63747
95316
82051
75958
64563
73637
8302
76876
44194
1806
83959
68577
39427
84475
81522
44109
30029
23418
46146
96982
69434
59170
95415
849
14489
11551
96224
25066
5063
34847
59713
38506
50919
33980
60966
24238
34167
43843
3636
27939
48014
42734
68281
88548
67512
70625
19783
96033
200
44543
10916
44266
33046
12273
14491
89466
62195
76569
53127
20370
24713
79583
57454
15645
18098
20697
69764
36829
39006
78235
61347
55394
84282
44956
22883
81982
15901
62362
46082
97752
65922
29812
79940
81107
93697
20526
17617
34671
234
45056
65380
55991
7193
22877
88392
79910
14412
95701
25096
21949
5715
63280
47421
20388
86224
45542
76866
48217
82405
68955
19993
3268
6909
56126
66184
88295
49465
26714
80099
25016
76737
13831
34295
55170
38841
23512
38927
31772
58353
8171
31382
16687
43684
4196
62203
98177
1745
21018
59291
99003
49381
95711
86127
24567
49750
44638
8085
67816
17070
46837
21778
90030
74100
40066
34857
1259
309
84697
64461
84086
82031
86131
29541
66517
27881
41587
40508
2052
60943
49564
91869
78771
29981
55010
56236
75108
63833
58379
61876
75704
36361
66490
48578
65215
80740
27727
51226
35078
61195
18574
82996
64804
47216
97515
59758
92165
89336
80140
98715
13839
75739
60298
57392
6392
61718
85240
45112
34003
46522
64514
8766
61177
14208
4587
91
15748
97038
9560
47993
62712
32741
85620
33329
77102
82278
60363
58337
79077
62898
47858
31721
667
19959
34306
89071
65977
99013
37860
14631
57764
54908
79468
54181
38453
82623
77921
48671
11382
30748
50337
45009
35439
8324
76193
78696
51493
42588
35923
88303
48655
63042
79014
49696
33351
88380
94157
39869
69373
96719
57169
90540
19589
16833
80168
80089
10995
81252
30718
81515
44805
102
3871
48634
9688
32222
98850
49869
46441
83831
46916
58622
2368
15327
62564
98056
48503
58602
78018
3381
74209
92333
74767
12241
70934
56707
27761
4385
2408
63595
98771
87285
33003
42602
65083
46631
54568
62381
19858
58741
78575
41626
99404
47394
93244
1303
58364
44580
26932
85577
68554
52502
46184
94169
92664
54260
97554
73724
79582
26176
26429
45345
31338
3165
31988
71316
81294
15411
11243
12452
90734
48550
17470
56295
63862
45450
48255
98515
32615
78914
96462
32416
3372
24429
43899
59473
8996
41657
54583
89338
78340
18786
36416
95666
85449
27387
38676
67206
12543
79209
1628
48407
30775
58928
45160
5823
23812
11722
24477
51258
98967
37254
51388
28738
10120
48097
44322
96584
7066
24860
91486
50950
22535
54271
63276
81799
51910
23043
19253
5647
6171
76989
74003
50649
39986
48234
57581
7711
66152
17405
88971
92396
1619
34339
46138
29561
65764
47374
22218
25385
72320
83934
96208
84118
92141
17305
53836
29196
86021
8214
90827
70107
27370
28573
24975
98931
95447
65000
27521
62503
99542
58333
16545
82226
14707
3470
84985
72278
28321
11753
32270
34142
17784
73181
144
13466
1598
75213
18732
50581
89975
68601
79650
42419
71092
59742
76610
5640
72487
62666
84635
84694
88736
54438
12869
41925
91755
46852
4811
68900
21384
79029
13713
82976
32665
65270
14827
18537
33164
47058
93130
15869
64835
51013
16066
20956
13294
4887
92678
41877
88352
93096
6617
30006
34682
70268
16282
14410
9176
93523
2348
26210
52188
14162
10503
79040
62872
23806
54058
91603
19384
44351
36101
34770
59654
61669
44180
66098
22497
6875
51175
58469
14604
99731
41600
42783
64683
1983
13302
99913
85604
40408
30711
2332
88041
85797
91910
75932
64952
87724
50372
26456
65921
95762
64236
3972
45455
59199
72575
45978
16067
99678
17750
90400
70023
61621
33333
1565
28675
38385
45487
12377
89452
54799
92660
57433
67676
26506
34558
94535
51179
3542
53473
24224
21702
6631
89133
9455
75778
5167
68171
42273
32999
57922
95584
87105
76732
94009
57743
99196
86487
17891
57487
68288
50651
39508
14953
80843
65186
55567
75776
13009
31234
825
65222
65360
46386
8097
98926
86514
93648
40274
69083
18563
88077
99320
38132
18626
65773
45984
17514
55347
4943
38232
94205
4028
72301
54217
77657
95288
74327
3526
65582
41386
68583
69772
5118
74435
67730
49958
41608
38329
11094
43597
21491
24490
66285
69611
98349
4742
55790
60584
63109
16654
32142
49063
19455
31762
87748
60890
13595
54982
49571
36762
95670
33771
2655
8500
56151
39515
72181
3597
56145
7603
30786
96526
77542
97065
39179
21135
24635
30708
99860
7403
32412
68255
79572
52014
64245
34805
91405
84387
95539
37296
45536
8775
54786
20135
58190
94437
89277
84469
65868
64315
9000
34710
5410
26861
36679
73657
52527
44920
1835
84347
95444
41575
36608
78427
23606
98669
80972
67687
25852
62755
99697
99092
87035
98051
78559
92268
22929
56121
50867
36312
46577
34034
2579
58947
33999
9067
80180
55441
50378
52662
114
19597
34838
62997
26451
25960
74430
63146
69071
40707
76501
44576
44078
18945
57700
71089
62653
42226
81525
72403
26755
42927
92832
24908
22776
97836
38199
99550
80904
89738
42949
3007
94959
21811
38360
34890
95637
29553
55104
8113
13264
5425
73669
84983
36366
20449
87772
8189
38340
22656
41858
90824
43585
32410
57111
92019
35173
56716
10897
33547
75950
13252
49940
61313
66034
27811
80317
78074
55841
24061
42553
94056
31047
22896
95841
10581
34706
28041
20458
59353
5274
31398
56067
26267
41244
19241
81954
68664
76600
74440
39930
95257
23921
43785
64913
40022
60862
85036
34543
64851
14889
46123
69627
46144
39155
24222
35814
37852
19834
64094
55766
47555
19120
54243
66006
43065
41414
91065
37000
37364
95975
49150
99981
51985
14251
41095
92433
59080
69749
35189
82644
76027
4256
55987
90990
80499
25389
57463
15575
11388
85400
22555
25863
10406
12159
24352
38381
71746
94613
24735
68999
14039
60359
58173
40291
57405
32475
52453
22319
72884
35966
57757
3403
88680
62290
89757
26039
6810
79428
94942
24083
61434
3814
51976
57402
86741
4345
72307
31637
98994
33550
83820
46017
2570
90257
8690
59470
54825
75439
25664
55809
90634
68888
15885
64277
47857
87434
95861
64224
47510
52824
66286
65515
4959
34129
92016
51455
69610
41872
35601
85149
12551
16095
78603
77964
56728
86511
82254
19169
4955
58327
75602
72775
93262
48194
46124
82541
16987
83376
51779
29627
86038
5353
52076
86807
64662
87003
53519
20191
94931
54095
96005
10117
12501
91554
88355
54460
58953
50934
28778
51755
83011
87229
22821
26691
56223
55434
2565
7914
75453
17350
67869
14713
9370
23185
98871
7120
17684
6996
54318
93058
22699
44450
56422
93234
59274
69206
41077
22392
54594
11196
3606
9549
86302
64528
85746
73702
2556
97648
41511
57078
83634
5496
27889
76277
76359
73026
65918
74609
6747
10865
80647
90813
14747
66528
85275
29792
23965
3897
35613
47089
51988
13227
4893
61860
34010
14416
21279
64872
68079
47171
81587
53909
1758
22958
66484
2461
98476
63144
35478
73333
15733
61074
78478
77167
33365
85168
73262
18466
43711
14597
50720
82531
16436
48643
55155
27882
37523
3350
95853
98794
94462
85025
28883
46080
14336
63228
23075
91999
47426
55510
21369
545
14804
61818
75940
48247
32985
82978
87779
4309
87746
82479
60144
23216
11558
51089
78034
95836
70956
22349
52471
30745
55226
51568
58946
75665
61430
72939
17227
81808
62629
64360
22452
98889
94086
58117
83625
54484
91981
2832
75272
39756
47655
71862
60100
61587
56042
31038
51837
48713
51383
48539
63677
86389
11720
92867
12896
99273
61806
60787
98053
21988
69422
67574
32517
3204
77879
63313
64936
815
20429
32323
7725
7922
45929
36733
67975
46722
91841
46610
32135
97727
28477
91503
19183
58800
45020
71046
76122
40145
27590
44950
60722
6535
71009
11271
34398
42065
72583
12108
99718
12252
343
17927
86990
74741
30938
95012
71976
58405
60547
2992
42486
71182
63817
82445
93730
24570
51797
8804
94969
39397
45157
6722
2025
49107
51279
83238
20873
41473
65510
64611
43352
60653
35156
64890
33844
8662
54326
97264
4290
55364
92882
7628
40234
7168
40340
51096
74428
28179
87223
45956
38376
67101
31015
85165
41157
42338
32276
11005
77819
16619
80614
16557
65831
97488
8204
21696
13229
17835
7779
80304
49364
18157
10482
87197
72825
84652
33758
63745
4348
77056
11479
25965
98969
21648
11406
30142
26583
63792
99085
34889
47106
36338
99396
79124
93985
26371
80982
73541
97611
92912
57655
99820
15194
76114
22086
35500
68118
9793
37007
39379
76491
92672
77241
80772
23952
35913
43722
45156
3191
2573
25919
76509
2174
4204
18860
58709
74272
84770
75703
70857
9495
75504
23527
95570
53486
16628
9940
18100
49062
60550
16849
83411
93833
39025
34218
26356
98559
94272
58876
54452
13509
16384
68753
1372
91947
9553
63662
50993
65216
86666
88973
31741
93196
49744
19853
53341
44873
61781
47662
61578
6582
13976
35554
10576
57822
52435
70961
55993
53735
33793
37149
86959
70037
39975
411
55873
96331
41046
15441
83680
23605
74082
39410
53829
43209
78895
77855
7158
26908
2308
32799
9570
23761
44952
53747
99796
42004
16617
14466
9565
72705
22908
