34891
63504
43354
14031
49011
31892
32881
22114
45068
5721
63330
88273
93237
9845
85853
78973
98618
4681
86940
21337
77612
21048
37840
94138
74076
889
41876
18325
33963
1319
48392
18552
73155
66164
45312
77192
37059
22269
72231
43755
44644
38292
94758
5543
80082
87367
12143
29199
437
11325
65817
23608
78328
92223
18279
12144
51856
62754
64065
92748
41172
9673
90621
93049
63692
71074
52171
68211
97880
73294
49439
95472
82784
69179
79475
5595
59568
43132
18316
93935
94408
50874
65299
14277
92467
83420
96038
71293
45284
99511
6608
32700
26398
10754
19671
23330
70144
33989
81503
90898
73695
65942
83218
92554
94212
15468
39303
22766
45169
66050
55515
43272
73840
82481
8129
45368
47131
53981
73153
11924
70257
4151
80296
53790
44368
32827
38989
44211
78284
80213
37763
56148
60706
58670
8939
62713
60378
64095
45899
97747
53518
83536
70292
27520
54478
91786
72222
8497
24728
9771
2114
13318
85066
14653
11364
5499
97307
28928
39154
57255
55058
73029
1560
29603
5756
19706
4583
62715
77563
38678
46268
1302
18126
85560
8113
56260
49400
85192
19687
41892
37027
74638
37211
726
90960
66708
29029
62346
21148
59903
1122
74668
66353
73884
49924
94144
86026
681
59851
6918
99621
23554
91842
70213
91926
87286
18252
95996
68937
94522
93184
88641
74600
30898
14843
61162
93595
90461
73213
10085
31212
36581
52043
85948
97643
83186
24977
47426
13413
22327
47775
32504
78694
6436
97701
35200
33199
13078
96971
84233
74856
55461
78889
50122
86656
27284
33208
98867
80718
51427
4413
13014
54373
91442
45607
17426
87546
67627
21273
50006
79527
60167
83088
77368
94448
996
19148
3913
58666
94424
15104
37576
40723
84552
5264
85076
53206
44956
70078
42627
16758
65297
77450
18999
21870
71176
10086
54962
26207
25256
87884
11840
20713
88078
27993
33373
83672
82697
63072
49394
80045
16068
45785
86424
55960
80579
52028
84349
62525
28198
5893
34450
20323
72493
22889
7289
98815
81340
72993
98373
15268
63206
53466
35170
68635
8614
96192
6124
61897
45350
59847
98343
82788
80916
38335
10315
20918
95043
56003
36957
3894
97435
94460
1189
34529
39509
87791
92151
2924
14261
89454
88525
33450
9368
72873
64759
80936
36435
68945
12163
63880
54868
30935
40544
66371
57005
40771
53812
35743
93685
93783
69414
26515
49765
83118
79441
17997
93579
52107
76578
72570
71256
46299
91119
97036
1026
92936
28567
48790
33504
76064
91607
2499
32912
42499
15604
73252
2458
65127
15576
52665
61812
26855
63811
55817
12676
75688
2696
41919
97477
84585
21008
61788
95361
36566
49868
22731
41595
50342
16930
78064
25722
402
42010
44513
72338
62826
63010
27831
11015
52042
93947
48849
61462
11780
83386
22601
54887
9686
86307
52542
14237
79422
12774
89541
22035
33051
89370
15475
6879
92075
80217
70570
53611
50544
85049
61244
69074
256
80962
99745
81325
23942
62037
58029
37892
45950
50870
36655
85699
43946
5604
70586
14831
13892
91820
49617
76165
58246
17443
73231
25508
20583
81806
30536
77372
53552
95397
44440
19046
43751
61492
52016
33709
61211
37893
14810
7408
30543
33808
84097
80742
75856
37031
68599
30549
35824
28681
59053
59043
76326
71374
87628
5939
2491
59977
37427
94082
82485
38942
50720
14786
12953
20340
40205
12876
1919
66566
65324
35373
4551
37857
99019
53058
77190
57931
91157
20095
65078
71250
78489
98933
27556
24024
55794
54570
18336
74972
93822
77755
13073
85802
16902
54374
42572
99863
40638
44459
6315
80069
95706
17908
45859
65458
40570
80732
87966
9562
60245
40622
17590
85930
96980
5400
95586
43182
56984
31991
1772
9650
78217
17639
50772
61205
64189
20745
23877
82739
31723
41291
35157
74268
51518
3312
46829
13408
75480
41802
28435
76362
20674
4018
38267
39233
38311
42238
9896
11093
11592
25280
73290
19116
77461
47528
89612
12593
36506
72891
68621
93995
64547
69826
59889
39043
86170
55867
75282
9481
9861
14610
24330
43394
98452
69605
19887
99362
88441
92654
11191
47696
66275
59115
80336
33072
95793
79852
3766
98247
8948
63742
74466
73469
51686
54768
83637
92260
19050
65195
13603
35812
4466
90742
92862
58127
97945
16613
17150
76995
27473
79998
49496
68735
71986
90925
77135
26770
63522
29085
78392
41236
38295
30399
9544
80154
38176
96485
89566
13141
63213
66825
7036
53088
12110
22249
92587
73771
3631
88780
87956
83828
22841
28654
42387
76707
5769
98251
83056
61272
8776
30337
19178
56381
25388
85550
99648
99778
87649
96402
98756
37332
91528
65336
41895
91103
85978
19528
15792
95306
93098
81735
40530
29771
19830
79094
64592
44454
87973
6259
68042
9804
4862
71656
44095
77615
44213
84977
54883
3243
94971
23030
94338
81204
58889
36010
45462
67848
5768
89292
11173
82828
33099
86591
19893
60504
39566
26245
16641
90619
33909
45383
91546
17771
50372
11420
21590
8746
24372
71527
72515
16318
80497
86485
80825
11629
52534
13019
40201
39358
28617
63780
90719
42711
49074
9733
42981
26691
31864
58316
13504
67011
68051
85065
2556
30712
36997
3105
77069
49202
14076
62436
41654
5510
78103
97279
76190
8855
46992
97797
60924
39214
14297
7666
99055
1502
96174
53055
65002
84562
5180
7127
70765
14582
50970
60476
17086
9506
95311
64275
10576
65494
56620
98702
50975
13113
28559
47716
93489
29464
30787
1310
8641
6639
84039
36977
41199
74212
49243
427
4745
23585
24789
94963
22153
93077
97661
54599
14309
41453
76135
79051
48211
9851
96027
31387
96848
26862
65699
64845
41049
51957
88944
95458
89850
27280
36902
2545
1117
34862
90342
79595
10089
60224
31337
93626
81188
86346
11408
47909
51590
551
34840
90390
59437
33260
19597
47197
84518
70853
36496
58569
51907
62544
98393
80178
67274
79115
40066
95850
15787
15090
49382
50832
50431
17433
39602
84620
22598
65477
59896
61427
78409
52326
69724
94692
50604
55200
54455
83661
5308
33456
23341
38197
38165
81041
49453
54035
31614
46983
38836
24363
38258
67026
51721
58940
87049
9793
82221
40194
61300
88919
22503
79591
74565
94220
64498
81760
34599
88229
99717
93315
75430
26509
52532
45726
8325
17065
5230
93692
31571
85381
96482
43897
84838
52994
46363
68819
46348
92670
39874
77337
3728
94330
52477
50678
74993
68984
15038
62204
18680
68684
46221
98628
47834
65613
29607
70560
71649
75170
13090
50052
61659
79836
26567
51577
3402
99066
85297
49530
28335
71896
38391
61018
25398
24136
61640
3688
10604
72571
49917
53126
40353
78475
8405
12526
38279
55359
45661
58998
26139
68142
4241
70088
52198
46051
31853
33103
81454
96784
5167
14851
96147
71690
90108
58537
43413
72067
27012
75068
5717
13425
29065
97929
53892
87942
51900
70108
98675
74706
67858
61280
893
89348
45326
55637
60520
60927
93518
19347
34818
41493
78302
2829
49066
89042
24096
59444
31031
86195
52006
87673
18883
74102
25086
54615
18243
8281
89690
25728
90795
63407
89959
15682
51506
53437
46058
33324
19485
99593
63777
20126
19815
75192
29538
60118
21795
18863
37705
25647
74647
13737
84913
78256
97830
19309
30428
32829
37838
4417
7924
38420
21818
60726
93251
26261
55392
82754
89579
84081
75460
87410
54037
10120
70848
48684
99770
78669
1226
89657
50882
82151
16693
30887
35515
43279
90875
60218
86661
16401
55948
47992
56054
15815
66413
98528
23827
57413
38885
78
5528
53249
12558
38577
64479
47578
42214
47629
66920
92991
40603
21508
68461
54239
61968
72406
96734
40327
21427
9055
75609
32968
45384
73597
68517
11236
78269
62949
94620
44206
88631
72292
73670
44665
19922
29732
60688
20849
34661
83707
57849
18147
23686
23562
24765
87075
54022
86758
56369
76792
78856
72607
97046
6160
83484
75227
24123
80629
97301
2137
15110
38706
6526
52618
13520
28809
15632
84070
84481
66217
47552
41187
55742
27368
25449
50160
2742
13324
13117
97282
27169
30874
89504
73836
71790
99589
74384
2448
62722
198
25236
96785
33510
67482
95991
68663
24067
82440
11460
84225
52054
8837
69079
44060
47465
18592
65780
2947
62013
13805
96449
75958
61701
31729
47459
80057
80094
84034
85261
77576
47603
75640
12028
92753
84659
22779
72168
69147
88731
1140
83131
34930
95745
1064
10030
2594
87346
9923
14202
74969
10091
25890
28340
66542
75071
75095
56166
47287
10913
2076
29423
77575
79830
34880
62827
77768
13051
97732
370
41792
45691
52867
15734
99982
35014
38263
71276
50082
23697
40420
89399
27592
64731
24205
87119
96098
86086
52064
39374
52233
22039
48204
20413
96626
91507
58403
62471
41154
22728
50388
67351
75579
44744
23029
4528
51624
62962
32973
81837
74673
68756
41773
76547
66999
27935
24988
6257
277
1893
89558
12321
7616
39471
18514
8739
72511
43578
60502
46600
68423
91813
41849
8703
6720
57588
52193
47165
12049
45374
2705
48210
13323
86660
2932
34245
45675
71354
43980
32692
48360
40566
19839
1158
33015
77236
59846
27900
94504
17518
42145
19274
22774
38168
21207
78420
67544
62662
60781
83114
52856
90832
50768
62527
60972
31733
84157
5179
24759
31297
33331
26646
61177
61259
55525
46567
38423
80818
62578
59086
4462
5984
97614
93578
93071
81067
84035
37677
24340
51181
20733
22512
94160
31461
42281
4478
68223
80509
96355
58036
47278
96844
7725
53499
14398
61722
8185
92915
16310
3431
94772
58244
71273
34702
17003
65505
73034
22981
82433
95968
88591
62852
70572
95602
89378
72408
61309
87289
81548
69856
2043
93855
12707
9691
50887
71918
89429
27474
17370
56460
93120
38740
2025
64288
71402
41603
80832
14633
30109
95173
8253
40955
18529
1985
69004
44115
81181
47592
92783
63633
11555
73306
42366
67615
64320
90534
76287
82133
92647
74243
12441
45271
50391
99964
11972
14307
77451
12515
38857
55332
25353
68075
96975
21767
14741
44045
20800
2399
19225
56950
9627
9970
94333
64181
24687
3545
11600
29104
89083
25910
58876
11165
68260
5384
76828
3230
74727
46523
64655
31777
87502
608
28483
54766
14007
39170
65047
22450
54358
3796
5796
26018
56785
84388
11513
30273
4564
34202
48435
32871
64598
61714
26716
60243
74894
7192
27631
18844
88577
65388
69064
58728
69480
44647
83165
43571
6951
16393
97143
99928
34910
59065
28805
96739
13330
26148
78210
85336
91715
502
21652
35310
21939
80625
50525
64714
37288
86469
66114
10579
23432
89962
40948
74159
53934
15584
20966
66475
97775
83254
76002
90668
82132
90238
37265
47532
14078
81448
65279
53207
30892
25991
31527
15560
38752
50995
75624
10883
31543
93128
46378
97584
6169
79449
29031
62677
30384
33641
71859
76808
90765
61452
92022
54186
7126
46319
95629
47852
74166
61886
81576
61749
75481
16279
43589
96342
4946
51931
19421
52815
24215
35650
76554
67326
90894
56537
98084
85093
61656
76571
34774
62354
5821
53927
36444
38114
97221
15577
84721
65641
48967
89584
59380
62131
9623
79915
27243
47081
15783
32735
95630
10032
61875
87067
62520
25593
50039
68662
57334
73226
55282
25455
60741
31306
73147
88941
57340
35972
83139
45430
30640
50517
19163
28592
6272
98221
1593
14636
24813
15228
4070
46252
27468
67057
37602
46340
81096
82758
74955
67830
79413
37777
57120
59021
4163
28842
9091
38157
15189
56001
30548
47244
38919
58199
31290
86482
37750
12010
99877
93760
83364
5215
64997
93614
84048
91506
99156
60768
12341
45319
48884
56817
28638
18786
11096
5784
271
2054
10518
34651
39350
9930
19002
61328
89463
54754
25048
25452
74263
5375
49665
52553
75956
49954
13845
67330
59306
93161
33045
73075
28538
43961
96798
43770
61603
15845
18507
20081
36567
86791
53753
50414
59275
64542
93940
94492
7870
94667
64623
77887
35232
28986
69393
16442
19112
10733
81608
90657
52212
61512
78396
41450
43667
618
89236
83719
56254
62878
72679
59035
59015
40858
90248
33410
38371
37779
36531
8179
64315
69807
66034
79886
86468
82647
81324
1187
21199
13900
11201
94639
33599
57405
36486
8464
36594
52764
15778
95091
36093
4608
47167
5372
1934
40677
97956
72587
25172
66388
87191
52462
14498
48305
45673
16021
86609
58248
93976
94
29358
58736
58596
29206
28627
50099
79060
80418
94404
66341
2372
70332
88454
29779
76471
56330
20393
37382
71517
30305
88981
59143
72192
80891
73710
37522
80782
76440
28618
15941
37702
88968
15396
35821
79593
73181
43356
69552
15136
38537
22706
44887
31298
18099
39931
40037
50515
51958
86909
83636
91529
17739
61882
58456
37910
13334
28353
3369
37168
34706
36597
40400
75844
66539
55183
27096
65446
45
9323
38874
21237
71066
89372
23099
48823
81995
28705
19062
31005
76588
37557
80576
6612
81239
78706
4625
543
14544
53721
25177
51926
5954
91187
9919
58795
3642
73197
56140
51975
3681
47925
83491
31335
60784
78528
75019
41977
18660
52535
24306
96454
68312
87258
93460
46453
85916
45807
75836
35423
16117
45152
66356
10663
4489
97822
4818
46203
99705
58323
18377
468
73998
42489
33942
10802
7034
52282
30609
85140
16107
95750
40651
52206
85875
27949
48846
79248
3306
89927
92383
89651
41751
24332
93872
7591
58586
44750
91053
18416
94370
63417
17104
31474
65178
86789
1918
17816
9955
67946
28233
27467
63667
88326
44655
52902
53914
64397
81952
34768
78267
85351
8425
42855
71312
36459
10415
2186
91735
66736
4887
26508
49366
20773
51591
49832
8621
1500
59648
92631
60157
85180
5783
95515
35740
75667
61319
74626
95093
72104
44828
39698
29480
24229
21538
79697
14580
89904
66446
27174
90460
89271
96752
59382
64302
44251
41862
67851
5278
92194
55651
90885
90139
99004
36565
48357
3634
81550
96801
82204
60710
30526
90299
26376
55589
89426
77532
69497
34372
37942
45346
37554
74475
62243
48807
57501
98461
50746
48465
85366
59188
22930
1237
13395
68506
62086
58160
20626
74515
84288
12505
80011
21744
90613
53390
27268
97190
70526
61932
2254
33874
23277
68189
2319
54573
36353
56600
81999
43184
34090
16343
30030
86362
31223
17594
13761
97563
26728
47726
70936
26596
69660
32637
63840
12342
64398
44364
6948
5296
282
69585
84120
73743
55662
94102
41897
77522
3984
96310
70304
31225
2764
28608
97427
85558
78282
40893
56561
73566
80308
29658
30009
64907
98555
61226
69913
51082
8352
52363
13643
62868
6857
31969
95777
83942
47456
28070
10911
21360
96404
25652
80010
60241
96226
443
52570
16002
62641
66776
10200
47584
14503
26046
20734
37824
89267
98048
22585
19059
73284
1817
18352
44023
53311
83855
84186
97334
83374
18826
80107
94442
32652
88997
77466
7943
61035
54860
63310
15324
13359
20767
29921
74762
54343
27024
88379
54107
49448
86705
62732
94965
71901
84099
68204
98042
70384
50091
19
96690
12657
20970
22351
12666
96195
362
16118
43081
29869
68293
67309
68586
25225
11868
94765
23529
21294
578
65792
95012
60292
72392
41865
96282
35302
64318
91907
56111
50649
16430
81034
55751
92193
51126
84243
59295
55383
40077
86074
36921
14084
42388
253
91913
16855
71400
45902
77250
54814
98609
75829
58488
61634
94576
94231
15769
51032
920
54286
964
33332
5992
34550
76500
52933
81777
11115
96095
83003
6843
34946
26496
12310
32053
80084
36749
81190
15819
70149
49842
42878
72431
89738
34783
39335
18528
83867
11797
92162
45093
12662
46451
36526
68529
8346
88315
37816
92751
4291
69540
15553
95466
61961
71983
99413
20781
78740
12101
57528
7043
62696
38166
59515
5435
88369
47804
39263
26516
49745
54290
36384
37025
74620
46222
75398
3372
94893
6687
29165
39715
34464
17559
66937
46067
33583
80474
93959
81475
90132
4327
30713
8063
10319
39678
54687
49591
16560
68487
35995
55996
72184
4823
97025
26643
70969
20962
94869
90244
69403
35816
97569
52365
11482
10343
52321
52463
69171
67811
9405
79499
36412
5950
69582
46725
9611
37452
74048
3340
49046
80814
48963
34328
92440
68780
7941
30634
3657
86699
25839
22283
52127
29042
69589
35764
88596
86459
6414
79687
19209
69184
49320
79223
5249
4310
65246
3370
59763
86472
10650
31365
6941
4965
66760
88841
4091
77751
44136
78297
18283
24510
99788
96109
69965
11381
2221
40481
66508
80478
91460
46888
16821
26318
63589
36764
1451
20000
83736
36714
64983
36069
29752
68318
7527
28288
96907
91203
39244
85453
58449
93889
67632
39307
20300
82795
33249
79337
38804
28603
53920
30348
62990
42679
80573
9938
40284
67134
26730
39832
5001
54600
51972
46506
71370
76650
7881
29541
50143
81005
40234
89118
61846
84476
14520
86968
65803
83613
65369
96977
67522
70536
37836
28476
71202
54000
94095
24206
20555
98669
36875
17637
63266
80877
19166
34155
60351
12203
32783
38914
32491
11078
12273
53351
51588
622
40690
62194
98105
33262
89357
68149
32419
26192
47175
81672
42003
91256
59537
13367
9819
35116
55102
89986
68953
50533
96003
19848
34207
41705
42372
69973
98112
86680
32267
37646
50822
84767
79598
71684
93551
53906
25235
22651
96420
29133
30505
40240
11203
2205
35800
26629
52060
71153
75272
60943
78381
22430
64294
10509
60327
9693
65599
24463
38268
43487
77000
89183
73961
22563
27746
19426
61732
56899
46770
60303
76878
66230
46662
86738
59064
97834
55866
1598
14999
45353
72158
13515
61542
23721
65271
72303
76171
87386
64098
12839
15033
41822
74621
25382
58492
83498
29513
37761
70995
86787
25615
51742
6128
20122
92235
97744
4532
14308
84587
12154
86035
70321
69516
27513
12390
47902
8101
88285
84666
95123
3330
21956
87977
70647
13179
19563
99927
92859
82751
54060
56510
81068
85541
646
74252
5251
21979
30784
87572
10513
36621
72997
17983
77540
73999
40386
39569
20664
54809
13392
59220
72751
57436
43771
22268
73079
60034
81563
41220
63602
82350
59988
59042
9043
57792
24315
48041
71505
4027
88683
61994
35118
61837
80650
1269
65929
4521
78777
66833
14693
87933
48558
6476
30478
84712
638
7691
69112
53227
78600
11549
86906
2795
58071
24540
58561
23426
40879
99166
74455
18496
11611
8596
6450
51127
48025
11136
47919
85357
51744
43140
38298
64488
65423
41858
41008
63550
66758
17638
52112
36213
39375
94858
67432
8809
91321
18369
70637
23295
64776
79366
9971
17648
82539
65519
41083
50792
48676
61307
26429
48075
68999
79236
92637
77566
5046
74063
64238
16319
49937
46286
56162
41699
94711
18745
57714
69566
26228
90970
93381
60449
18017
24656
12943
86470
39364
27850
17188
72633
62838
98566
50810
56154
6817
75038
69284
41282
59078
34419
97439
27023
89200
18504
10521
36735
22233
23352
99973
33461
96552
94803
41914
68393
94916
58315
92716
35204
564
28996
38847
89009
85499
23420
25668
61442
4332
56814
18117
16413
85545
31998
72527
33711
44143
94775
60783
27951
56259
49374
1157
65303
16568
17376
345
3544
80896
88976
51298
31302
78214
24026
36729
34276
85069
71270
27969
60828
17796
48101
72529
42669
98925
15740
37374
89070
21637
50261
20597
11559
31576
63865
24753
14794
77539
50043
11815
40558
81256
29388
63152
93190
63255
95508
91432
12859
91883
35169
14552
95405
65009
85546
42994
60166
36296
84694
29812
77059
19822
340
55041
47035
75178
80708
87021
24699
26205
23049
19419
33380
34152
14998
93108
19330
56221
77562
99145
44743
11928
42834
93227
62810
8931
17807
52786
56569
33258
90890
35383
2029
39158
56117
95650
21930
50280
67029
74282
51301
15386
73954
14379
37871
48244
99495
24346
59573
89890
94618
32805
39165
43271
9859
92849
11023
96380
26337
7102
16434
69048
85871
238
68855
37730
37397
12372
1215
66743
28827
65006
20367
61337
23749
23939
67160
25869
8304
27611
49641
857
72622
66516
66326
60249
99081
92484
93571
84220
66112
79004
925
65976
64552
78463
23663
8366
91609
69991
70779
68742
6289
82388
81206
96918
6524
79601
16008
61231
13263
68528
59307
7041
55754
89672
65396
62401
8327
95158
76399
29959
59699
27238
59317
92821
1812
83441
17513
60153
77614
34317
43079
33158
70239
87769
31668
94784
88875
73570
82368
80298
32875
73109
86230
97705
65287
60184
5646
70861
14892
8521
14982
15934
11475
30433
17451
74446
29138
54579
41848
31217
86972
91249
56605
48693
5698
28426
33352
16046
35179
87330
9826
93964
69908
13356
11942
63212
36903
41644
86380
21681
26805
10948
68655
2102
94762
71888
161
78133
48013
8314
90637
32437
70224
45107
1133
49694
58024
46595
11229
38558
20621
11393
91367
79105
91129
20552
58224
35700
80371
58087
43774
78432
59720
71925
1801
30629
84983
30311
77642
5723
4767
90718
54090
16818
9293
16829
64462
14717
95617
69139
74276
4577
85618
23701
51261
91009
63559
99172
22880
66270
59459
64799
55426
90346
6894
92070
62723
70303
11676
86053
72808
50055
81243
90056
26486
36824
25704
89636
35477
1749
9739
54292
39525
72295
57133
75229
21905
19237
14915
90371
39431
15210
4953
91579
40244
89064
36115
68000
17514
35330
52930
12437
24250
72304
9868
59579
550
14220
75054
16096
4558
83266
67747
45074
85172
81255
7559
45013
86125
1612
17875
47281
86129
83014
82072
690
25721
55273
97949
84133
10562
22664
20690
52453
14332
85427
15165
2010
53238
40424
70870
57522
8538
22661
50982
66252
95147
28824
78935
97352
63328
22769
8484
42948
92531
63920
11415
97861
68675
29064
10016
12279
93710
29859
29514
72602
26846
2207
9222
4624
84361
36145
47973
5758
38598
15041
29799
84008
30453
67312
72290
10919
22744
86465
62672
56844
53323
40686
61091
85084
21960
56445
67173
4492
63449
73904
72774
20634
9447
29996
65105
21557
5347
93247
83166
1304
37780
38260
5849
9777
27667
68909
50482
7223
11337
70381
8394
3384
82288
6829
74380
32281
61192
93412
80164
80001
97656
29403
92006
51265
86353
54963
46380
99657
81222
4905
57689
15248
92326
98173
40261
45425
49099
499
59976
44229
48091
6925
61901
71797
44590
2450
7503
69170
8501
96324
35798
15451
19427
72690
53185
96279
77811
15001
30457
2799
64113
37620
7380
74854
5258
32072
37034
41725
34988
10154
85267
50220
43918
17109
12921
48972
48258
2703
76468
56073
56226
58804
59111
23121
75218
52283
12465
62864
37047
64797
1084
23107
72261
18800
8116
16516
12882
92633
46954
12199
22993
50770
42435
31091
23111
38144
88230
904
80976
52393
58236
76377
23586
38159
14450
78831
68306
44735
93984
4306
57586
26111
17752
92671
94500
57803
71301
66655
39069
73214
11142
95322
67370
12142
80621
68864
97407
52756
67054
71689
59967
35757
86216
98505
61953
27917
7810
36532
56987
54676
77370
30199
78840
47443
13611
36937
41134
33413
49415
65206
46691
92295
60309
7154
99474
45923
79803
99014
70297
53281
77170
90745
60857
57256
35780
28508
80706
46780
77282
37635
97649
82158
55450
24786
41514
24328
747
26118
68314
32993
87297
15058
2522
55009
12306
59059
72302
19713
29380
6560
30143
3646
5842
5996
2523
96902
82832
24706
77643
2812
98307
7926
62497
19790
7622
95563
72700
56378
54551
24232
45743
32034
17364
66390
92845
95082
95501
75269
54418
9825
64260
81473
94130
90627
64589
81543
34189
424
16990
35915
64473
53667
58365
40517
82777
86223
3643
77711
7931
44920
46470
19692
79274
77937
63210
78872
94979
1923
89710
69947
52700
1763
85077
94240
56575
50955
54791
9529
33061
56413
47966
50889
60424
22710
20646
7226
16148
37468
50042
94056
60773
11640
94193
49153
95709
86949
45347
36741
9700
92931
71346
65987
52687
89745
79780
19363
29651
16853
13211
35636
30306
43027
83542
41625
39636
25200
38156
52888
81641
92044
59273
91214
28215
82880
66551
68774
45378
36827
74780
71857
37390
88471
44235
10648
77176
6799
6852
1745
11085
95875
43651
23076
94244
35087
71941
90069
55701
46196
64874
32451
35168
2298
24777
49681
76718
21686
14172
76105
26125
7112
662
48506
61234
13084
69190
79192
3562
61933
65554
58218
32412
37926
18614
49817
17334
70340
9942
88303
47994
80985
52714
67059
25613
58668
70955
30114
71958
30194
95931
97890
39701
51454
28507
81599
41279
56386
54390
76920
77420
62876
3878
93129
19743
13257
19902
24163
85788
68869
6206
32272
22048
40790
96611
61247
83072
90030
51408
83964
73805
56147
70002
84087
33680
11892
65951
51124
16650
30513
43101
56733
16379
96633
59350
49872
52177
47784
21387
98000
3788
49362
31271
41215
54927
46911
89213
41074
81891
89388
99694
94249
62867
98040
17552
87772
77569
31873
39837
98576
21038
91175
95199
76696
33121
86500
40587
43235
88891
57701
34231
577
89768
56514
7498
46332
93590
52804
53010
65580
26469
48710
19993
92808
92883
76427
11644
32015
83411
94771
9355
79764
56586
21828
66620
51858
28424
2326
11030
61702
1906
64811
82363
57735
53418
72879
980
50029
12486
69583
45772
98810
65996
78022
49101
98152
68470
1180
51529
2401
96016
42102
33019
17041
20298
46950
78061
41096
53223
30016
47680
10910
62834
44679
73247
77030
24293
58814
72504
78367
98879
52222
44204
60825
68530
37085
3737
78715
73763
73370
53709
54775
87540
93141
16870
91102
51194
28614
41781
50782
57916
86155
98861
39064
6457
7479
45258
49791
20416
37197
73326
10690
55160
80407
75244
21246
47295
68360
54953
17010
32684
78878
35573
50639
3118
11329
63657
72742
68092
1515
30006
27690
21726
29311
23490
24990
18424
71254
33345
83582
65660
692
47557
20557
39208
59276
82437
55256
21436
7972
72548
7645
23905
77737
84788
65604
88466
6070
8972
21167
4522
63424
65612
88999
66755
36624
98919
14360
48120
52604
15017
94411
26571
70347
54305
56472
8563
42676
38990
28818
38107
80219
96459
35399
8048
27547
61460
66746
47546
18760
11926
89036
57426
17176
42743
63457
11951
97955
63593
53449
98175
65032
96121
69249
54694
30984
6804
74187
1018
40740
65177
43838
86236
26839
86560
80112
16804
54750
52839
49367
4256
8815
93866
64913
24641
37962
16086
92054
78050
42881
91947
8413
58100
3297
86878
98177
9103
51432
51982
16793
47325
19732
20185
76404
71799
49096
83143
87742
2154
33247
85039
27620
99268
21140
14621
87916
48287
96564
17609
10810
53943
30485
5085
74658
58214
4972
59036
85341
17953
40580
84959
54105
64499
40720
13437
9869
78457
64846
65054
95099
10612
30331
21760
90806
34857
35688
30149
23757
1345
51402
71989
42246
90320
54334
14239
10833
6263
53536
9629
66858
10047
61684
76703
86292
11884
18072
90597
82413
7579
87658
55622
79907
13483
92094
84804
70398
70074
82013
62118
8225
50016
98501
15273
7403
10580
36976
34692
86768
58674
22263
29275
43640
26247
72163
3331
22823
18482
70008
92781
37057
70207
41434
5164
1609
60858
61862
5747
3120
99981
33980
77658
5158
47232
93382
2757
47875
39840
75706
95257
24277
19612
70129
8975
68168
52803
41019
91597
77477
70919
28768
59227
42746
45388
68400
25959
6634
82432
63254
71059
43160
7562
99098
50023
98772
48883
45595
34655
75724
93484
50499
43548
11960
7396
43454
63511
7163
43258
89114
90480
67936
99067
2826
60158
49890
5098
1381
74788
9588
3917
5242
15680
21868
38416
21847
72265
10592
55738
64755
25277
85527
59853
22136
8445
60362
51683
89295
49426
74480
91280
68335
11825
88575
57981
17544
96931
44550
6940
29919
85215
10278
83327
603
50453
44790
72108
56755
74859
4863
92985
17691
5547
15340
46912
74747
26233
30686
34597
93645
35606
21602
83914
19730
22273
15520
79245
87315
5481
93589
65052
5969
14024
17715
25640
83004
3113
78931
35355
62211
876
68768
96632
6827
7187
94465
6609
77234
64373
88538
55294
84091
17068
92727
60529
40341
74423
62573
59989
56030
27834
68715
56337
72797
41360
81686
98356
5223
35639
57346
81329
64169
60898
72444
88191
35879
29010
19819
50136
56353
88836
29351
10482
34806
57551
18468
49953
80264
8438
63001
44262
40692
67111
91530
87492
16741
66995
12379
66750
91961
40434
45751
11230
97529
22572
97523
75966
72711
51445
64957
45555
62249
18408
80992
44969
72883
80052
11255
55805
46251
39314
34069
11708
32521
59831
46003
65640
25075
57956
78816
73013
624
68425
20355
91861
4570
28128
21528
74616
18479
82068
56108
85537
31855
84824
19170
40464
89469
79969
77862
60295
2756
570
90919
9636
51971
82067
70050
90595
56807
56594
34167
28792
53082
93373
61821
82252
59172
39749
19004
26054
17034
63837
90328
58799
10734
44602
37618
20089
32461
96689
65120
96400
87557
77905
33602
88433
81371
24365
54308
50594
5872
53746
13487
18926
82656
9666
2142
5527
60313
36701
8267
2229
27286
31256
13497
8008
40179
99017
98285
85415
39616
98580
56305
74611
17671
75859
66014
38894
38947
73769
31610
94355
28589
2728
16454
14345
41905
31143
41061
82732
8695
31583
43599
49349
44712
22165
79217
4838
68559
90518
98547
104
78288
17965
29851
87514
38486
42066
25834
78274
35035
74351
23035
16610
73890
68656
86610
90559
94348
56596
15774
11472
35178
34664
53621
1863
12296
70206
14802
70169
90207
60957
91548
87891
49436
86700
22404
35398
45917
85839
32408
20328
90333
96382
43556
80759
83319
63735
10590
87848
61543
20559
5298
30695
15597
24772
90977
29107
73333
35983
78202
9760
16684
66387
1058
27778
30180
42319
27310
27128
80582
82672
37469
6430
22986
91698
36192
9242
81446
5340
71376
25010
70660
49604
81704
44250
7096
37664
53265
98714
32816
50899
77682
63190
93052
403
21154
82091
71480
17872
39592
3319
52150
11538
87687
55471
20145
67928
94122
87249
19177
1025
77931
62712
7968
1110
7558
77207
62863
26146
69232
80480
83043
19756
6372
97193
97310
76575
53421
72211
26389
33078
29546
9928
89112
41043
3552
18770
15744
65745
32681
51146
3473
86326
33955
9453
12044
88184
81377
80837
11285
61967
83213
13082
38799
45622
70923
54259
12659
44587
47356
49464
63455
79973
47416
47869
13560
7057
91717
92948
29798
59605
55624
21810
32563
86253
12708
55849
45459
81019
61295
37516
7906
80704
17373
45485
97690
29013
43843
75357
72895
47901
64221
19899
57723
11842
9291
51857
80172
60459
85596
58567
14809
75852
34500
50519
65958
57152
24282
99281
43538
48720
30642
95756
50163
25745
14954
16045
4281
17259
61891
64050
11992
91374
82680
272
28731
88598
54834
69143
1954
34506
15466
1023
9192
51155
20264
42861
93669
78654
14592
75165
33850
89952
84714
89068
31115
60423
30849
26058
43503
65763
30298
69933
5592
89475
18613
20286
48664
73255
87981
37437
81477
60375
1247
63862
3981
60354
89027
90506
78742
20262
71108
55556
16262
51654
89209
63175
6826
17593
64941
41651
20490
80317
56761
71220
20378
37984
31497
8592
51350
78986
80090
85981
35165
23459
59685
81359
48546
29963
27380
12431
5504
847
31648
60996
44954
68256
62373
88243
62903
21097
45366
20590
78693
3380
65222
76593
4125
11597
98758
91325
28887
38119
26241
92312
31896
93427
23450
99488
92481
16634
33579
31812
75342
89518
94882
59902
44463
80197
91337
79495
86594
51345
46702
83394
29300
75554
29553
32913
56536
44709
55504
66309
21723
75639
29219
82661
51756
20620
54821
58524
20190
11135
92729
93694
97194
45738
71947
18838
56326
50907
32283
77757
71077
4330
87746
73433
68037
70087
33682
24070
23799
20140
81063
64795
32559
24782
12079
66814
99317
54933
54921
78071
57611
7667
81913
46505
55687
7834
70195
20698
61308
86939
58985
24265
81337
22332
58460
61240
63514
16134
73258
4708
15828
43786
2913
36313
4580
23675
64311
91309
73780
71520
43382
20515
17776
64490
13110
54770
20786
3137
31048
43861
39756
34690
78867
34452
66871
18511
79269
49428
399
36510
68594
44571
71
65591
73365
1341
60622
72821
42846
64197
15461
51592
84945
15719
88842
859
24462
38121
48856
13059
39883
36199
34845
84958
3284
44088
6400
94372
